<?xml version="1.0" encoding="utf-8"?>
<COLLADA xmlns="http://www.collada.org/2005/11/COLLADASchema" version="1.4.1">
  <asset><contributor><author>Mixamo</author><authoring_tool>COLLADA Mixamo exporter</authoring_tool><comments></comments></contributor><created>2018-05-21T19:20:36Z</created><modified>2018-05-21T19:20:36Z</modified><revision></revision><title></title><unit meter="0.010000"/><up_axis>Y_UP</up_axis></asset>
  <library_animations>
    <animation id="boss_Hips-anim" name="boss_Hips"><source id="boss_Hips-Matrix-animation-input"><float_array id="boss_Hips-Matrix-animation-input-array" count="59">

0.000000 0.033333 0.066667 0.100000 0.133333 0.166667 0.200000 0.233333 0.266667 0.300000 0.333333 0.366667 0.400000 0.433333 0.466667 0.500000
0.533333 0.566667 0.600000 0.633333 0.666667 0.700000 0.733333 0.766667 0.800000 0.833333 0.866667 0.900000 0.933333 0.966667 1.000000 1.033333
1.066667 1.100000 1.133333 1.166667 1.200000 1.233333 1.266667 1.300000 1.333333 1.366667 1.400000 1.433333 1.466667 1.500000 1.533333 1.566667
1.600000 1.633333 1.666667 1.700000 1.733333 1.766667 1.800000 1.833333 1.866667 1.900000 1.933333</float_array><technique_common><accessor source="#boss_Hips-Matrix-animation-input-array" count="59"><param name="TIME" type="float"/></accessor></technique_common></source><source id="boss_Hips-Matrix-animation-output-transform"><float_array id="boss_Hips-Matrix-animation-output-transform-array" count="944">

0.730997 0.050944 -0.680476 0.060788 0.002730 0.996983 0.077572 89.783302 0.682375 -0.058562 0.728653 -0.879129 0.000000 0.000000 0.000000 1.000000
0.730694 0.051187 -0.680784 0.072409 0.002732 0.996958 0.077893 89.791763 0.682700 -0.058776 0.728331 -0.888920 0.000000 0.000000 0.000000 1.000000
0.730484 0.051434 -0.680990 0.085170 0.002701 0.996934 0.078195 89.800674 0.682924 -0.058960 0.728106 -0.894435 0.000000 0.000000 0.000000 1.000000
0.730494 0.051745 -0.680956 0.097084 0.002573 0.996910 0.078514 89.810547 0.682914 -0.059106 0.728103 -0.892787 0.000000 0.000000 0.000000 1.000000
0.730771 0.052121 -0.680629 0.106024 0.002376 0.996881 0.078889 89.821480 0.682618 -0.059267 0.728368 -0.881771 0.000000 0.000000 0.000000 1.000000
0.731270 0.052507 -0.680064 0.110496 0.002223 0.996844 0.079356 89.833252 0.682084 -0.059543 0.728845 -0.860093 0.000000 0.000000 0.000000 1.000000
0.731837 0.052914 -0.679422 0.110692 0.002198 0.996793 0.079998 89.846184 0.681476 -0.060040 0.729374 -0.828953 0.000000 0.000000 0.000000 1.000000
0.732299 0.053304 -0.678894 0.108586 0.002251 0.996737 0.080688 89.862907 0.680980 -0.060616 0.729789 -0.790570 0.000000 0.000000 0.000000 1.000000
0.732568 0.053596 -0.678580 0.106041 0.002335 0.996692 0.081242 89.884712 0.680690 -0.061099 0.730020 -0.746158 0.000000 0.000000 0.000000 1.000000
0.732622 0.053772 -0.678508 0.105253 0.002413 0.996663 0.081591 89.910416 0.680631 -0.061413 0.730048 -0.696841 0.000000 0.000000 0.000000 1.000000
0.732496 0.053896 -0.678634 0.108634 0.002469 0.996644 0.081816 89.936264 0.680767 -0.061605 0.729905 -0.643966 0.000000 0.000000 0.000000 1.000000
0.732266 0.054115 -0.678866 0.118730 0.002530 0.996615 0.082173 89.956017 0.681014 -0.061890 0.729650 -0.590422 0.000000 0.000000 0.000000 1.000000
0.732161 0.054429 -0.678954 0.133159 0.002654 0.996567 0.082753 89.968056 0.681127 -0.062390 0.729503 -0.538700 0.000000 0.000000 0.000000 1.000000
0.732371 0.054823 -0.678695 0.146190 0.002795 0.996503 0.083511 89.976700 0.680900 -0.063058 0.729657 -0.489072 0.000000 0.000000 0.000000 1.000000
0.732891 0.055263 -0.678098 0.153428 0.002884 0.996434 0.084324 89.987885 0.680340 -0.063756 0.730118 -0.441462 0.000000 0.000000 0.000000 1.000000
0.733494 0.055701 -0.677410 0.153361 0.002849 0.996376 0.085013 90.007362 0.679690 -0.064286 0.730677 -0.395985 0.000000 0.000000 0.000000 1.000000
0.733713 0.056053 -0.677143 0.150771 0.002680 0.996345 0.085379 90.035950 0.679454 -0.064459 0.730881 -0.354401 0.000000 0.000000 0.000000 1.000000
0.733455 0.056294 -0.677403 0.150468 0.002466 0.996338 0.085468 90.067207 0.679733 -0.064358 0.730630 -0.317279 0.000000 0.000000 0.000000 1.000000
0.732973 0.056473 -0.677909 0.152475 0.002269 0.996340 0.085453 90.095375 0.680253 -0.064173 0.730162 -0.282550 0.000000 0.000000 0.000000 1.000000
0.732563 0.056618 -0.678341 0.155164 0.002140 0.996338 0.085471 90.117081 0.680696 -0.064064 0.729759 -0.247314 0.000000 0.000000 0.000000 1.000000
0.732458 0.056725 -0.678445 0.156168 0.002111 0.996329 0.085583 90.131966 0.680809 -0.064118 0.729649 -0.208562 0.000000 0.000000 0.000000 1.000000
0.732640 0.056820 -0.678241 0.154193 0.002141 0.996312 0.085779 90.143456 0.680613 -0.064297 0.729816 -0.164730 0.000000 0.000000 0.000000 1.000000
0.732918 0.056873 -0.677935 0.150092 0.002215 0.996295 0.085975 90.154953 0.680313 -0.064514 0.730077 -0.117649 0.000000 0.000000 0.000000 1.000000
0.733160 0.056858 -0.677675 0.145013 0.002331 0.996283 0.086111 90.166878 0.680052 -0.064713 0.730302 -0.070766 0.000000 0.000000 0.000000 1.000000
0.733271 0.056773 -0.677562 0.140062 0.002469 0.996279 0.086151 90.178238 0.679932 -0.064845 0.730402 -0.028221 0.000000 0.000000 0.000000 1.000000
0.733203 0.056648 -0.677647 0.136040 0.002586 0.996285 0.086082 90.187271 0.680005 -0.064868 0.730332 0.005722 0.000000 0.000000 0.000000 1.000000
0.732970 0.056528 -0.677908 0.132678 0.002622 0.996299 0.085913 90.193451 0.680256 -0.064750 0.730109 0.027692 0.000000 0.000000 0.000000 1.000000
0.732718 0.056369 -0.678194 0.128698 0.002610 0.996324 0.085631 90.198280 0.680527 -0.064513 0.729877 0.038256 0.000000 0.000000 0.000000 1.000000
0.732519 0.056236 -0.678420 0.123834 0.002527 0.996350 0.085320 90.200981 0.680742 -0.064213 0.729704 0.039202 0.000000 0.000000 0.000000 1.000000
0.732392 0.056145 -0.678564 0.118836 0.002407 0.996375 0.085039 90.199135 0.680879 -0.063915 0.729602 0.031895 0.000000 0.000000 0.000000 1.000000
0.732322 0.056059 -0.678647 0.115166 0.002325 0.996394 0.084815 90.189217 0.680955 -0.063690 0.729551 0.016967 0.000000 0.000000 0.000000 1.000000
0.732341 0.056028 -0.678629 0.113406 0.002288 0.996401 0.084732 90.169189 0.680934 -0.063605 0.729577 -0.005407 0.000000 0.000000 0.000000 1.000000
0.732537 0.056062 -0.678414 0.111716 0.002249 0.996398 0.084767 90.144646 0.680723 -0.063621 0.729773 -0.033842 0.000000 0.000000 0.000000 1.000000
0.732850 0.056159 -0.678069 0.108018 0.002161 0.996391 0.084859 90.123451 0.680387 -0.063654 0.730083 -0.066253 0.000000 0.000000 0.000000 1.000000
0.733132 0.056215 -0.677759 0.101790 0.002046 0.996391 0.084856 90.111069 0.680083 -0.063597 0.730371 -0.101025 0.000000 0.000000 0.000000 1.000000
0.733193 0.056059 -0.677706 0.094442 0.001984 0.996416 0.084569 90.108650 0.680018 -0.063349 0.730453 -0.137407 0.000000 0.000000 0.000000 1.000000
0.732922 0.055745 -0.678024 0.089647 0.001975 0.996459 0.084061 90.108627 0.680309 -0.062949 0.730217 -0.176374 0.000000 0.000000 0.000000 1.000000
0.732538 0.055460 -0.678463 0.088623 0.001985 0.996497 0.083602 90.099808 0.680723 -0.062588 0.729862 -0.218309 0.000000 0.000000 0.000000 1.000000
0.732307 0.055261 -0.678729 0.088839 0.002015 0.996522 0.083309 90.079079 0.680972 -0.062375 0.729648 -0.260753 0.000000 0.000000 0.000000 1.000000
0.732359 0.055136 -0.678683 0.087388 0.002062 0.996532 0.083183 90.049393 0.680916 -0.062319 0.729705 -0.300757 0.000000 0.000000 0.000000 1.000000
0.732634 0.055027 -0.678395 0.082066 0.002120 0.996537 0.083123 90.018723 0.680619 -0.062337 0.729980 -0.335850 0.000000 0.000000 0.000000 1.000000
0.732812 0.054851 -0.678217 0.073604 0.002216 0.996548 0.082990 89.996468 0.680428 -0.062319 0.730160 -0.366607 0.000000 0.000000 0.000000 1.000000
0.732672 0.054574 -0.678390 0.064335 0.002336 0.996572 0.082693 89.983093 0.680578 -0.062171 0.730033 -0.397283 0.000000 0.000000 0.000000 1.000000
0.732275 0.054262 -0.678844 0.055820 0.002459 0.996603 0.082313 89.973503 0.681005 -0.061945 0.729654 -0.431665 0.000000 0.000000 0.000000 1.000000
0.731778 0.053979 -0.679402 0.049067 0.002555 0.996634 0.081935 89.962303 0.681538 -0.061694 0.729177 -0.472180 0.000000 0.000000 0.000000 1.000000
0.731383 0.053763 -0.679844 0.044437 0.002593 0.996661 0.081606 89.945610 0.681962 -0.061448 0.728802 -0.519414 0.000000 0.000000 0.000000 1.000000
0.731216 0.053575 -0.680038 0.041230 0.002581 0.996687 0.081296 89.923950 0.682141 -0.061200 0.728655 -0.571093 0.000000 0.000000 0.000000 1.000000
0.731261 0.053365 -0.680007 0.037988 0.002555 0.996714 0.080967 89.902100 0.682093 -0.060945 0.728721 -0.623303 0.000000 0.000000 0.000000 1.000000
0.731436 0.053130 -0.679837 0.034755 0.002537 0.996741 0.080626 89.883263 0.681905 -0.060698 0.728918 -0.672909 0.000000 0.000000 0.000000 1.000000
0.731638 0.052855 -0.679641 0.032734 0.002559 0.996770 0.080272 89.868416 0.681688 -0.060469 0.729139 -0.717257 0.000000 0.000000 0.000000 1.000000
0.731756 0.052519 -0.679541 0.033854 0.002649 0.996800 0.079891 89.856224 0.681562 -0.060261 0.729275 -0.754261 0.000000 0.000000 0.000000 1.000000
0.731688 0.052163 -0.679641 0.038990 0.002779 0.996831 0.079499 89.843552 0.681634 -0.060057 0.729224 -0.782305 0.000000 0.000000 0.000000 1.000000
0.731444 0.051981 -0.679918 0.045754 0.002802 0.996853 0.079226 89.829826 0.681896 -0.059855 0.728996 -0.802066 0.000000 0.000000 0.000000 1.000000
0.731128 0.051874 -0.680266 0.052025 0.002790 0.996870 0.079015 89.816460 0.682235 -0.059667 0.728694 -0.816134 0.000000 0.000000 0.000000 1.000000
0.730860 0.051763 -0.680561 0.056313 0.002785 0.996885 0.078814 89.804977 0.682521 -0.059498 0.728440 -0.827380 0.000000 0.000000 0.000000 1.000000
0.730744 0.051634 -0.680696 0.058024 0.002782 0.996902 0.078606 89.796417 0.682646 -0.059335 0.728336 -0.838374 0.000000 0.000000 0.000000 1.000000
0.730790 0.051448 -0.680661 0.057958 0.002779 0.996923 0.078336 89.790733 0.682597 -0.059139 0.728398 -0.850361 0.000000 0.000000 0.000000 1.000000
0.730909 0.051197 -0.680552 0.058443 0.002776 0.996951 0.077980 89.786835 0.682470 -0.058885 0.728538 -0.863632 0.000000 0.000000 0.000000 1.000000
0.730979 0.050991 -0.680492 0.059648 0.002773 0.996974 0.077685 89.784462 0.682394 -0.058673 0.728626 -0.873988 0.000000 0.000000 0.000000 1.000000</float_array><technique_common><accessor source="#boss_Hips-Matrix-animation-output-transform-array" count="59" stride="16"><param type="float4x4"/></accessor></technique_common></source><source id="boss_Hips-Interpolations"><Name_array id="boss_Hips-Interpolations-array" count="59">
 LINEAR LINEAR LINEAR LINEAR LINEAR LINEAR LINEAR LINEAR LINEAR LINEAR LINEAR
LINEAR LINEAR LINEAR LINEAR LINEAR LINEAR LINEAR LINEAR LINEAR LINEAR LINEAR LINEAR
LINEAR LINEAR LINEAR LINEAR LINEAR LINEAR LINEAR LINEAR LINEAR LINEAR LINEAR LINEAR
LINEAR LINEAR LINEAR LINEAR LINEAR LINEAR LINEAR LINEAR LINEAR LINEAR LINEAR LINEAR
LINEAR LINEAR LINEAR LINEAR LINEAR LINEAR LINEAR LINEAR LINEAR LINEAR LINEAR LINEAR</Name_array><technique_common><accessor source="#boss_Hips-Interpolations-array" count="59"><param type="name"/></accessor></technique_common></source><sampler id="boss_Hips-Matrix-animation-transform"><input semantic="INPUT" source="#boss_Hips-Matrix-animation-input"/><input semantic="OUTPUT" source="#boss_Hips-Matrix-animation-output-transform"/><input semantic="INTERPOLATION" source="#boss_Hips-Interpolations"/></sampler><channel source="#boss_Hips-Matrix-animation-transform" target="boss_Hips/matrix"/></animation>
    <animation id="boss_Spine-anim" name="boss_Spine"><source id="boss_Spine-Matrix-animation-input"><float_array id="boss_Spine-Matrix-animation-input-array" count="59">

0.000000 0.033333 0.066667 0.100000 0.133333 0.166667 0.200000 0.233333 0.266667 0.300000 0.333333 0.366667 0.400000 0.433333 0.466667 0.500000
0.533333 0.566667 0.600000 0.633333 0.666667 0.700000 0.733333 0.766667 0.800000 0.833333 0.866667 0.900000 0.933333 0.966667 1.000000 1.033333
1.066667 1.100000 1.133333 1.166667 1.200000 1.233333 1.266667 1.300000 1.333333 1.366667 1.400000 1.433333 1.466667 1.500000 1.533333 1.566667
1.600000 1.633333 1.666667 1.700000 1.733333 1.766667 1.800000 1.833333 1.866667 1.900000 1.933333</float_array><technique_common><accessor source="#boss_Spine-Matrix-animation-input-array" count="59"><param name="TIME" type="float"/></accessor></technique_common></source><source id="boss_Spine-Matrix-animation-output-transform"><float_array id="boss_Spine-Matrix-animation-output-transform-array" count="944">

0.996700 0.021816 0.078187 -0.000000 -0.013824 0.994756 -0.101339 9.226300 -0.079988 0.099924 0.991775 1.577100 0.000000 0.000000 0.000000 1.000000
0.996700 0.021804 0.078193 -0.000000 -0.013816 0.994762 -0.101284 9.226300 -0.079992 0.099870 0.991780 1.577100 0.000000 0.000000 0.000000 1.000000
0.996700 0.021773 0.078198 0.000000 -0.013793 0.994773 -0.101177 9.226300 -0.079992 0.099765 0.991790 1.577100 0.000000 0.000000 0.000000 1.000000
0.996704 0.021712 0.078160 -0.000000 -0.013749 0.994791 -0.101008 9.226300 -0.079946 0.099601 0.991811 1.577100 0.000000 0.000000 0.000000 1.000000
0.996716 0.021605 0.078036 0.000000 -0.013674 0.994815 -0.100779 9.226300 -0.079809 0.099381 0.991844 1.577100 0.000000 0.000000 0.000000 1.000000
0.996738 0.021440 0.077800 -0.000000 -0.013556 0.994845 -0.100494 9.226300 -0.079554 0.099112 0.991891 1.577100 0.000000 0.000000 0.000000 1.000000
0.996761 0.021276 0.077552 0.000000 -0.013442 0.994879 -0.100171 9.226300 -0.079286 0.098805 0.991943 1.577100 0.000000 0.000000 0.000000 1.000000
0.996775 0.021142 0.077415 -0.000000 -0.013352 0.994918 -0.099802 9.226300 -0.079132 0.098446 0.991991 1.577100 0.000000 0.000000 0.000000 1.000000
0.996778 0.021040 0.077397 -0.000000 -0.013286 0.994962 -0.099370 9.226300 -0.079098 0.098022 0.992036 1.577100 0.000000 0.000000 0.000000 1.000000
0.996774 0.020959 0.077472 0.000000 -0.013237 0.995011 -0.098880 9.226300 -0.079158 0.097535 0.992079 1.577100 0.000000 0.000000 0.000000 1.000000
0.996766 0.020887 0.077593 -0.000000 -0.013195 0.995063 -0.098360 9.226300 -0.079265 0.097018 0.992121 1.577100 0.000000 0.000000 0.000000 1.000000
0.996758 0.020808 0.077724 0.000000 -0.013142 0.995112 -0.097878 9.226300 -0.079381 0.096539 0.992159 1.577100 0.000000 0.000000 0.000000 1.000000
0.996754 0.020703 0.077800 -0.000000 -0.013064 0.995155 -0.097445 9.226300 -0.079440 0.096112 0.992195 1.577100 0.000000 0.000000 0.000000 1.000000
0.996760 0.020561 0.077759 -0.000000 -0.012959 0.995197 -0.097036 9.226300 -0.079381 0.095714 0.992239 1.577100 0.000000 0.000000 0.000000 1.000000
0.996775 0.020389 0.077618 0.000000 -0.012834 0.995239 -0.096617 9.226300 -0.079219 0.095310 0.992291 1.577100 0.000000 0.000000 0.000000 1.000000
0.996790 0.020211 0.077472 -0.000000 -0.012707 0.995285 -0.096161 9.226300 -0.079050 0.094868 0.992346 1.577100 0.000000 0.000000 0.000000 1.000000
0.996794 0.020056 0.077458 0.000000 -0.012592 0.995333 -0.095672 9.226300 -0.079015 0.094390 0.992395 1.577100 0.000000 0.000000 0.000000 1.000000
0.996789 0.019946 0.077555 -0.000000 -0.012511 0.995381 -0.095187 9.226300 -0.079096 0.093911 0.992434 1.577100 0.000000 0.000000 0.000000 1.000000
0.996780 0.019860 0.077682 -0.000000 -0.012450 0.995424 -0.094742 9.226300 -0.079208 0.093470 0.992466 1.577100 0.000000 0.000000 0.000000 1.000000
0.996775 0.019779 0.077765 0.000000 -0.012392 0.995462 -0.094348 9.226300 -0.079278 0.093080 0.992497 1.577100 0.000000 0.000000 0.000000 1.000000
0.996777 0.019690 0.077765 -0.000000 -0.012332 0.995496 -0.093997 9.226300 -0.079265 0.092735 0.992531 1.577100 0.000000 0.000000 0.000000 1.000000
0.996783 0.019615 0.077711 -0.000000 -0.012288 0.995528 -0.093663 9.226300 -0.079201 0.092406 0.992566 1.577100 0.000000 0.000000 0.000000 1.000000
0.996787 0.019558 0.077671 -0.000000 -0.012261 0.995559 -0.093335 9.226300 -0.079152 0.092083 0.992601 1.577100 0.000000 0.000000 0.000000 1.000000
0.996789 0.019520 0.077662 -0.000000 -0.012248 0.995587 -0.093037 9.226300 -0.079135 0.091787 0.992629 1.577100 0.000000 0.000000 0.000000 1.000000
0.996787 0.019500 0.077684 0.000000 -0.012245 0.995610 -0.092794 9.226300 -0.079153 0.091545 0.992650 1.577100 0.000000 0.000000 0.000000 1.000000
0.996784 0.019502 0.077727 -0.000000 -0.012256 0.995625 -0.092635 9.226300 -0.079194 0.091384 0.992662 1.577100 0.000000 0.000000 0.000000 1.000000
0.996780 0.019539 0.077774 0.000000 -0.012291 0.995628 -0.092600 9.226300 -0.079243 0.091346 0.992661 1.577100 0.000000 0.000000 0.000000 1.000000
0.996775 0.019610 0.077811 -0.000000 -0.012350 0.995617 -0.092707 9.226300 -0.079288 0.091447 0.992648 1.577100 0.000000 0.000000 0.000000 1.000000
0.996771 0.019702 0.077845 -0.000000 -0.012422 0.995597 -0.092915 9.226300 -0.079333 0.091648 0.992626 1.577100 0.000000 0.000000 0.000000 1.000000
0.996766 0.019798 0.077877 0.000000 -0.012494 0.995571 -0.093178 9.226300 -0.079377 0.091903 0.992599 1.577100 0.000000 0.000000 0.000000 1.000000
0.996763 0.019887 0.077903 0.000000 -0.012558 0.995544 -0.093463 9.226300 -0.079415 0.092182 0.992570 1.577100 0.000000 0.000000 0.000000 1.000000
0.996762 0.019959 0.077891 0.000000 -0.012603 0.995510 -0.093815 9.226300 -0.079414 0.092529 0.992538 1.577100 0.000000 0.000000 0.000000 1.000000
0.996766 0.020016 0.077833 0.000000 -0.012631 0.995470 -0.094238 9.226300 -0.079366 0.092950 0.992503 1.577100 0.000000 0.000000 0.000000 1.000000
0.996770 0.020070 0.077763 0.000000 -0.012657 0.995428 -0.094670 9.226300 -0.079307 0.093380 0.992467 1.577100 0.000000 0.000000 0.000000 1.000000
0.996772 0.020133 0.077723 -0.000000 -0.012693 0.995391 -0.095060 9.226300 -0.079279 0.093766 0.992433 1.577100 0.000000 0.000000 0.000000 1.000000
0.996768 0.020218 0.077747 -0.000000 -0.012749 0.995358 -0.095392 9.226300 -0.079315 0.094093 0.992399 1.577100 0.000000 0.000000 0.000000 1.000000
0.996761 0.020322 0.077817 0.000000 -0.012821 0.995327 -0.095708 9.226300 -0.079398 0.094401 0.992363 1.577100 0.000000 0.000000 0.000000 1.000000
0.996755 0.020419 0.077863 0.000000 -0.012886 0.995293 -0.096051 9.226300 -0.079458 0.094736 0.992326 1.577100 0.000000 0.000000 0.000000 1.000000
0.996754 0.020481 0.077857 0.000000 -0.012918 0.995256 -0.096432 9.226300 -0.079463 0.095113 0.992290 1.577100 0.000000 0.000000 0.000000 1.000000
0.996758 0.020515 0.077803 0.000000 -0.012925 0.995217 -0.096826 9.226300 -0.079418 0.095506 0.992256 1.577100 0.000000 0.000000 0.000000 1.000000
0.996762 0.020561 0.077737 0.000000 -0.012949 0.995182 -0.097183 9.226300 -0.079361 0.095861 0.992226 1.577100 0.000000 0.000000 0.000000 1.000000
0.996762 0.020640 0.077719 0.000000 -0.013007 0.995153 -0.097473 9.226300 -0.079354 0.096146 0.992199 1.577100 0.000000 0.000000 0.000000 1.000000
0.996756 0.020744 0.077765 0.000000 -0.013085 0.995127 -0.097732 9.226300 -0.079413 0.096398 0.992170 1.577100 0.000000 0.000000 0.000000 1.000000
0.996746 0.020865 0.077858 0.000000 -0.013175 0.995099 -0.098000 9.226300 -0.079521 0.096655 0.992136 1.577100 0.000000 0.000000 0.000000 1.000000
0.996735 0.020990 0.077971 -0.000000 -0.013266 0.995069 -0.098295 9.226300 -0.079649 0.096940 0.992098 1.577100 0.000000 0.000000 0.000000 1.000000
0.996724 0.021104 0.078075 0.000000 -0.013344 0.995036 -0.098613 9.226300 -0.079768 0.097248 0.992058 1.577100 0.000000 0.000000 0.000000 1.000000
0.996718 0.021197 0.078127 -0.000000 -0.013405 0.995003 -0.098939 9.226300 -0.079834 0.097567 0.992022 1.577100 0.000000 0.000000 0.000000 1.000000
0.996715 0.021276 0.078144 0.000000 -0.013456 0.994971 -0.099259 9.226300 -0.079863 0.097881 0.991988 1.577100 0.000000 0.000000 0.000000 1.000000
0.996714 0.021345 0.078141 0.000000 -0.013501 0.994939 -0.099566 9.226300 -0.079870 0.098184 0.991958 1.577100 0.000000 0.000000 0.000000 1.000000
0.996713 0.021406 0.078130 0.000000 -0.013540 0.994910 -0.099855 9.226300 -0.079870 0.098469 0.991930 1.577100 0.000000 0.000000 0.000000 1.000000
0.996713 0.021461 0.078123 -0.000000 -0.013574 0.994882 -0.100123 9.226300 -0.079872 0.098733 0.991903 1.577100 0.000000 0.000000 0.000000 1.000000
0.996711 0.021513 0.078136 -0.000000 -0.013605 0.994857 -0.100370 9.226300 -0.079893 0.098976 0.991877 1.577100 0.000000 0.000000 0.000000 1.000000
0.996707 0.021543 0.078177 -0.000000 -0.013614 0.994836 -0.100581 9.226300 -0.079940 0.099186 0.991853 1.577100 0.000000 0.000000 0.000000 1.000000
0.996703 0.021563 0.078222 0.000000 -0.013614 0.994817 -0.100765 9.226300 -0.079990 0.099368 0.991830 1.577100 0.000000 0.000000 0.000000 1.000000
0.996700 0.021586 0.078250 -0.000000 -0.013621 0.994800 -0.100929 9.226300 -0.080022 0.099530 0.991812 1.577100 0.000000 0.000000 0.000000 1.000000
0.996699 0.021627 0.078247 -0.000000 -0.013650 0.994785 -0.101075 9.226300 -0.080025 0.099674 0.991797 1.577100 0.000000 0.000000 0.000000 1.000000
0.996699 0.021667 0.078235 -0.000000 -0.013682 0.994773 -0.101195 9.226300 -0.080019 0.099791 0.991786 1.577100 0.000000 0.000000 0.000000 1.000000
0.996700 0.021696 0.078226 -0.000000 -0.013704 0.994762 -0.101298 9.226300 -0.080014 0.099892 0.991776 1.577100 0.000000 0.000000 0.000000 1.000000
0.996700 0.021712 0.078221 -0.000000 -0.013714 0.994755 -0.101367 9.226300 -0.080012 0.099960 0.991769 1.577100 0.000000 0.000000 0.000000 1.000000</float_array><technique_common><accessor source="#boss_Spine-Matrix-animation-output-transform-array" count="59" stride="16"><param type="float4x4"/></accessor></technique_common></source><source id="boss_Spine-Interpolations"><Name_array id="boss_Spine-Interpolations-array" count="59">
 LINEAR LINEAR LINEAR LINEAR LINEAR LINEAR LINEAR LINEAR LINEAR LINEAR LINEAR
LINEAR LINEAR LINEAR LINEAR LINEAR LINEAR LINEAR LINEAR LINEAR LINEAR LINEAR LINEAR
LINEAR LINEAR LINEAR LINEAR LINEAR LINEAR LINEAR LINEAR LINEAR LINEAR LINEAR LINEAR
LINEAR LINEAR LINEAR LINEAR LINEAR LINEAR LINEAR LINEAR LINEAR LINEAR LINEAR LINEAR
LINEAR LINEAR LINEAR LINEAR LINEAR LINEAR LINEAR LINEAR LINEAR LINEAR LINEAR LINEAR</Name_array><technique_common><accessor source="#boss_Spine-Interpolations-array" count="59"><param type="name"/></accessor></technique_common></source><sampler id="boss_Spine-Matrix-animation-transform"><input semantic="INPUT" source="#boss_Spine-Matrix-animation-input"/><input semantic="OUTPUT" source="#boss_Spine-Matrix-animation-output-transform"/><input semantic="INTERPOLATION" source="#boss_Spine-Interpolations"/></sampler><channel source="#boss_Spine-Matrix-animation-transform" target="boss_Spine/matrix"/></animation>
    <animation id="boss_Spine1-anim" name="boss_Spine1"><source id="boss_Spine1-Matrix-animation-input"><float_array id="boss_Spine1-Matrix-animation-input-array" count="59">

0.000000 0.033333 0.066667 0.100000 0.133333 0.166667 0.200000 0.233333 0.266667 0.300000 0.333333 0.366667 0.400000 0.433333 0.466667 0.500000
0.533333 0.566667 0.600000 0.633333 0.666667 0.700000 0.733333 0.766667 0.800000 0.833333 0.866667 0.900000 0.933333 0.966667 1.000000 1.033333
1.066667 1.100000 1.133333 1.166667 1.200000 1.233333 1.266667 1.300000 1.333333 1.366667 1.400000 1.433333 1.466667 1.500000 1.533333 1.566667
1.600000 1.633333 1.666667 1.700000 1.733333 1.766667 1.800000 1.833333 1.866667 1.900000 1.933333</float_array><technique_common><accessor source="#boss_Spine1-Matrix-animation-input-array" count="59"><param name="TIME" type="float"/></accessor></technique_common></source><source id="boss_Spine1-Matrix-animation-output-transform"><float_array id="boss_Spine1-Matrix-animation-output-transform-array" count="944">

0.986184 0.053092 0.156915 -0.000000 -0.020480 0.979057 -0.202553 16.254000 -0.164382 0.196541 0.966618 -0.165600 0.000000 0.000000 0.000000 1.000000
0.986184 0.053063 0.156926 -0.000000 -0.020467 0.979080 -0.202445 16.254000 -0.164385 0.196437 0.966639 -0.165600 0.000000 0.000000 0.000000 1.000000
0.986186 0.052993 0.156937 0.000000 -0.020431 0.979124 -0.202233 16.254000 -0.164377 0.196233 0.966681 -0.165600 0.000000 0.000000 0.000000 1.000000
0.986204 0.052853 0.156871 0.000000 -0.020363 0.979195 -0.201897 16.254000 -0.164278 0.195917 0.966762 -0.165600 0.000000 0.000000 0.000000 1.000000
0.986253 0.052608 0.156644 -0.000000 -0.020243 0.979292 -0.201439 16.254000 -0.163997 0.195499 0.966895 -0.165600 0.000000 0.000000 0.000000 1.000000
0.986343 0.052227 0.156206 0.000000 -0.020049 0.979413 -0.200867 16.254000 -0.163481 0.194992 0.967084 -0.165600 0.000000 0.000000 0.000000 1.000000
0.986436 0.051833 0.155747 0.000000 -0.019859 0.979550 -0.200220 16.254000 -0.162940 0.194411 0.967293 -0.165600 0.000000 0.000000 0.000000 1.000000
0.986492 0.051502 0.155504 0.000000 -0.019702 0.979703 -0.199482 16.254000 -0.162621 0.193724 0.967484 -0.165600 0.000000 0.000000 0.000000 1.000000
0.986508 0.051234 0.155492 -0.000000 -0.019583 0.979880 -0.198624 16.254000 -0.162540 0.192900 0.967662 -0.165600 0.000000 0.000000 0.000000 1.000000
0.986493 0.051009 0.155657 -0.000000 -0.019490 0.980078 -0.197653 16.254000 -0.162638 0.191950 0.967835 -0.165600 0.000000 0.000000 0.000000 1.000000
0.986464 0.050800 0.155912 0.000000 -0.019406 0.980287 -0.196624 16.254000 -0.162827 0.190937 0.968003 -0.165600 0.000000 0.000000 0.000000 1.000000
0.986432 0.050581 0.156187 0.000000 -0.019295 0.980480 -0.195668 16.254000 -0.163035 0.190000 0.968153 -0.165600 0.000000 0.000000 0.000000 1.000000
0.986418 0.050308 0.156358 0.000000 -0.019135 0.980655 -0.194806 16.254000 -0.163133 0.189169 0.968299 -0.165600 0.000000 0.000000 0.000000 1.000000
0.986444 0.049954 0.156307 0.000000 -0.018931 0.980821 -0.193989 16.254000 -0.163000 0.188400 0.968471 -0.165600 0.000000 0.000000 0.000000 1.000000
0.986504 0.049535 0.156063 0.000000 -0.018702 0.980991 -0.193151 16.254000 -0.162664 0.187625 0.968678 -0.165600 0.000000 0.000000 0.000000 1.000000
0.986567 0.049102 0.155804 0.000000 -0.018475 0.981174 -0.192238 16.254000 -0.162311 0.186777 0.968901 -0.165600 0.000000 0.000000 0.000000 1.000000
0.986586 0.048733 0.155801 0.000000 -0.018271 0.981369 -0.191264 16.254000 -0.162219 0.185852 0.969094 -0.165600 0.000000 0.000000 0.000000 1.000000
0.986566 0.048463 0.156006 0.000000 -0.018125 0.981558 -0.190302 16.254000 -0.162352 0.184918 0.969251 -0.165600 0.000000 0.000000 0.000000 1.000000
0.986536 0.048249 0.156264 0.000000 -0.018011 0.981731 -0.189418 16.254000 -0.162549 0.184053 0.969382 -0.165600 0.000000 0.000000 0.000000 1.000000
0.986519 0.048042 0.156437 0.000000 -0.017903 0.981884 -0.188637 16.254000 -0.162666 0.183293 0.969507 -0.165600 0.000000 0.000000 0.000000 1.000000
0.986528 0.047816 0.156449 0.000000 -0.017793 0.982020 -0.187937 16.254000 -0.162622 0.182621 0.969641 -0.165600 0.000000 0.000000 0.000000 1.000000
0.986552 0.047607 0.156359 0.000000 -0.017714 0.982148 -0.187272 16.254000 -0.162483 0.181984 0.969784 -0.165600 0.000000 0.000000 0.000000 1.000000
0.986571 0.047435 0.156295 0.000000 -0.017663 0.982273 -0.186621 16.254000 -0.162376 0.181354 0.969920 -0.165600 0.000000 0.000000 0.000000 1.000000
0.986578 0.047303 0.156288 -0.000000 -0.017632 0.982386 -0.186028 16.254000 -0.162335 0.180775 0.970035 -0.165600 0.000000 0.000000 0.000000 1.000000
0.986574 0.047217 0.156339 0.000000 -0.017618 0.982478 -0.185546 16.254000 -0.162361 0.180301 0.970119 -0.165600 0.000000 0.000000 0.000000 1.000000
0.986562 0.047190 0.156427 0.000000 -0.017627 0.982537 -0.185231 16.254000 -0.162436 0.179984 0.970165 -0.165600 0.000000 0.000000 0.000000 1.000000
0.986545 0.047249 0.156511 0.000000 -0.017683 0.982549 -0.185164 16.254000 -0.162528 0.179905 0.970164 -0.165600 0.000000 0.000000 0.000000 1.000000
0.986529 0.047398 0.156571 0.000000 -0.017784 0.982506 -0.185380 16.254000 -0.162619 0.180098 0.970113 -0.165600 0.000000 0.000000 0.000000 1.000000
0.986511 0.047603 0.156620 0.000000 -0.017908 0.982425 -0.185796 16.254000 -0.162712 0.180485 0.970026 -0.165600 0.000000 0.000000 0.000000 1.000000
0.986493 0.047828 0.156665 -0.000000 -0.018036 0.982324 -0.186320 16.254000 -0.162807 0.180978 0.969918 -0.165600 0.000000 0.000000 0.000000 1.000000
0.986477 0.048044 0.156702 0.000000 -0.018149 0.982213 -0.186889 16.254000 -0.162894 0.181518 0.969803 -0.165600 0.000000 0.000000 0.000000 1.000000
0.986473 0.048233 0.156667 0.000000 -0.018226 0.982079 -0.187587 16.254000 -0.162907 0.182195 0.969673 -0.165600 0.000000 0.000000 0.000000 1.000000
0.986485 0.048399 0.156543 0.000000 -0.018274 0.981917 -0.188427 16.254000 -0.162832 0.183019 0.969531 -0.165600 0.000000 0.000000 0.000000 1.000000
0.986500 0.048560 0.156398 -0.000000 -0.018318 0.981752 -0.189281 16.254000 -0.162735 0.183861 0.969388 -0.165600 0.000000 0.000000 0.000000 1.000000
0.986505 0.048741 0.156309 -0.000000 -0.018385 0.981601 -0.190055 16.254000 -0.162697 0.184616 0.969251 -0.165600 0.000000 0.000000 0.000000 1.000000
0.986489 0.048963 0.156339 0.000000 -0.018489 0.981471 -0.190716 16.254000 -0.162780 0.185249 0.969116 -0.165600 0.000000 0.000000 0.000000 1.000000
0.986458 0.049222 0.156453 -0.000000 -0.018619 0.981346 -0.191347 16.254000 -0.162953 0.185843 0.968973 -0.165600 0.000000 0.000000 0.000000 1.000000
0.986435 0.049471 0.156521 0.000000 -0.018739 0.981210 -0.192030 16.254000 -0.163080 0.186492 0.968827 -0.165600 0.000000 0.000000 0.000000 1.000000
0.986430 0.049651 0.156495 0.000000 -0.018795 0.981061 -0.192785 16.254000 -0.163103 0.187228 0.968681 -0.165600 0.000000 0.000000 0.000000 1.000000
0.986441 0.049771 0.156385 0.000000 -0.018805 0.980907 -0.193565 16.254000 -0.163033 0.187999 0.968543 -0.165600 0.000000 0.000000 0.000000 1.000000
0.986456 0.049910 0.156251 0.000000 -0.018850 0.980767 -0.194271 16.254000 -0.162941 0.188694 0.968424 -0.165600 0.000000 0.000000 0.000000 1.000000
0.986453 0.050107 0.156207 0.000000 -0.018957 0.980650 -0.194849 16.254000 -0.162948 0.189248 0.968315 -0.165600 0.000000 0.000000 0.000000 1.000000
0.986428 0.050353 0.156282 -0.000000 -0.019101 0.980544 -0.195367 16.254000 -0.163079 0.189731 0.968198 -0.165600 0.000000 0.000000 0.000000 1.000000
0.986388 0.050640 0.156442 -0.000000 -0.019263 0.980434 -0.195903 16.254000 -0.163302 0.190223 0.968064 -0.165600 0.000000 0.000000 0.000000 1.000000
0.986341 0.050943 0.156641 0.000000 -0.019426 0.980313 -0.196494 16.254000 -0.163567 0.190767 0.967912 -0.165600 0.000000 0.000000 0.000000 1.000000
0.986297 0.051231 0.156825 0.000000 -0.019569 0.980182 -0.197130 16.254000 -0.163816 0.191360 0.967753 -0.165600 0.000000 0.000000 0.000000 1.000000
0.986270 0.051478 0.156913 0.000000 -0.019687 0.980049 -0.197779 16.254000 -0.163964 0.191974 0.967606 -0.165600 0.000000 0.000000 0.000000 1.000000
0.986255 0.051695 0.156933 -0.000000 -0.019791 0.979918 -0.198417 16.254000 -0.164039 0.192584 0.967472 -0.165600 0.000000 0.000000 0.000000 1.000000
0.986248 0.051888 0.156915 -0.000000 -0.019882 0.979792 -0.199028 16.254000 -0.164071 0.193171 0.967350 -0.165600 0.000000 0.000000 0.000000 1.000000
0.986244 0.052058 0.156883 0.000000 -0.019960 0.979674 -0.199603 16.254000 -0.164085 0.193725 0.967237 -0.165600 0.000000 0.000000 0.000000 1.000000
0.986240 0.052208 0.156860 0.000000 -0.020024 0.979564 -0.200134 16.254000 -0.164103 0.194239 0.967130 -0.165600 0.000000 0.000000 0.000000 1.000000
0.986231 0.052345 0.156873 0.000000 -0.020075 0.979463 -0.200623 16.254000 -0.164153 0.194711 0.967027 -0.165600 0.000000 0.000000 0.000000 1.000000
0.986214 0.052438 0.156944 0.000000 -0.020081 0.979377 -0.201041 16.254000 -0.164249 0.195118 0.966929 -0.165600 0.000000 0.000000 0.000000 1.000000
0.986198 0.052504 0.157026 0.000000 -0.020068 0.979303 -0.201404 16.254000 -0.164350 0.195473 0.966840 -0.165600 0.000000 0.000000 0.000000 1.000000
0.986187 0.052573 0.157073 0.000000 -0.020073 0.979236 -0.201727 16.254000 -0.164417 0.195788 0.966765 -0.165600 0.000000 0.000000 0.000000 1.000000
0.986183 0.052672 0.157060 0.000000 -0.020124 0.979175 -0.202018 16.254000 -0.164430 0.196067 0.966706 -0.165600 0.000000 0.000000 0.000000 1.000000
0.986183 0.052769 0.157029 -0.000000 -0.020186 0.979124 -0.202257 16.254000 -0.164424 0.196293 0.966661 -0.165600 0.000000 0.000000 0.000000 1.000000
0.986183 0.052842 0.157006 -0.000000 -0.020229 0.979081 -0.202462 16.254000 -0.164420 0.196488 0.966622 -0.165600 0.000000 0.000000 0.000000 1.000000
0.986183 0.052885 0.156993 0.000000 -0.020250 0.979052 -0.202600 16.254000 -0.164419 0.196621 0.966595 -0.165600 0.000000 0.000000 0.000000 1.000000</float_array><technique_common><accessor source="#boss_Spine1-Matrix-animation-output-transform-array" count="59" stride="16"><param type="float4x4"/></accessor></technique_common></source><source id="boss_Spine1-Interpolations"><Name_array id="boss_Spine1-Interpolations-array" count="59">
 LINEAR LINEAR LINEAR LINEAR LINEAR LINEAR LINEAR LINEAR LINEAR LINEAR LINEAR
LINEAR LINEAR LINEAR LINEAR LINEAR LINEAR LINEAR LINEAR LINEAR LINEAR LINEAR LINEAR
LINEAR LINEAR LINEAR LINEAR LINEAR LINEAR LINEAR LINEAR LINEAR LINEAR LINEAR LINEAR
LINEAR LINEAR LINEAR LINEAR LINEAR LINEAR LINEAR LINEAR LINEAR LINEAR LINEAR LINEAR
LINEAR LINEAR LINEAR LINEAR LINEAR LINEAR LINEAR LINEAR LINEAR LINEAR LINEAR LINEAR</Name_array><technique_common><accessor source="#boss_Spine1-Interpolations-array" count="59"><param type="name"/></accessor></technique_common></source><sampler id="boss_Spine1-Matrix-animation-transform"><input semantic="INPUT" source="#boss_Spine1-Matrix-animation-input"/><input semantic="OUTPUT" source="#boss_Spine1-Matrix-animation-output-transform"/><input semantic="INTERPOLATION" source="#boss_Spine1-Interpolations"/></sampler><channel source="#boss_Spine1-Matrix-animation-transform" target="boss_Spine1/matrix"/></animation>
    <animation id="boss_Spine2-anim" name="boss_Spine2"><source id="boss_Spine2-Matrix-animation-input"><float_array id="boss_Spine2-Matrix-animation-input-array" count="59">

0.000000 0.033333 0.066667 0.100000 0.133333 0.166667 0.200000 0.233333 0.266667 0.300000 0.333333 0.366667 0.400000 0.433333 0.466667 0.500000
0.533333 0.566667 0.600000 0.633333 0.666667 0.700000 0.733333 0.766667 0.800000 0.833333 0.866667 0.900000 0.933333 0.966667 1.000000 1.033333
1.066667 1.100000 1.133333 1.166667 1.200000 1.233333 1.266667 1.300000 1.333333 1.366667 1.400000 1.433333 1.466667 1.500000 1.533333 1.566667
1.600000 1.633333 1.666667 1.700000 1.733333 1.766667 1.800000 1.833333 1.866667 1.900000 1.933333</float_array><technique_common><accessor source="#boss_Spine2-Matrix-animation-input-array" count="59"><param name="TIME" type="float"/></accessor></technique_common></source><source id="boss_Spine2-Matrix-animation-output-transform"><float_array id="boss_Spine2-Matrix-animation-output-transform-array" count="944">

0.986184 0.053092 0.156915 0.000000 -0.020480 0.979057 -0.202553 13.639600 -0.164382 0.196541 0.966618 -1.292300 0.000000 0.000000 0.000000 1.000000
0.986184 0.053063 0.156925 -0.000000 -0.020467 0.979080 -0.202446 13.639600 -0.164385 0.196437 0.966639 -1.292300 0.000000 0.000000 0.000000 1.000000
0.986186 0.052992 0.156936 -0.000000 -0.020431 0.979124 -0.202233 13.639600 -0.164377 0.196233 0.966681 -1.292300 0.000000 0.000000 0.000000 1.000000
0.986204 0.052853 0.156871 0.000000 -0.020363 0.979195 -0.201897 13.639600 -0.164279 0.195917 0.966762 -1.292300 0.000000 0.000000 0.000000 1.000000
0.986253 0.052608 0.156644 -0.000000 -0.020243 0.979292 -0.201439 13.639600 -0.163998 0.195499 0.966895 -1.292300 0.000000 0.000000 0.000000 1.000000
0.986343 0.052227 0.156206 0.000000 -0.020049 0.979413 -0.200867 13.639600 -0.163481 0.194992 0.967084 -1.292300 0.000000 0.000000 0.000000 1.000000
0.986436 0.051833 0.155747 -0.000000 -0.019859 0.979550 -0.200220 13.639600 -0.162940 0.194411 0.967293 -1.292300 0.000000 0.000000 0.000000 1.000000
0.986492 0.051502 0.155504 0.000000 -0.019702 0.979703 -0.199482 13.639600 -0.162621 0.193724 0.967484 -1.292300 0.000000 0.000000 0.000000 1.000000
0.986508 0.051234 0.155492 -0.000000 -0.019583 0.979880 -0.198624 13.639600 -0.162540 0.192900 0.967662 -1.292300 0.000000 0.000000 0.000000 1.000000
0.986493 0.051009 0.155657 0.000000 -0.019490 0.980078 -0.197653 13.639600 -0.162638 0.191950 0.967835 -1.292300 0.000000 0.000000 0.000000 1.000000
0.986464 0.050800 0.155912 0.000000 -0.019406 0.980287 -0.196624 13.639600 -0.162827 0.190937 0.968003 -1.292300 0.000000 0.000000 0.000000 1.000000
0.986432 0.050581 0.156187 -0.000000 -0.019295 0.980480 -0.195668 13.639600 -0.163035 0.189999 0.968153 -1.292300 0.000000 0.000000 0.000000 1.000000
0.986418 0.050308 0.156358 -0.000000 -0.019135 0.980655 -0.194806 13.639600 -0.163133 0.189169 0.968299 -1.292300 0.000000 0.000000 0.000000 1.000000
0.986444 0.049954 0.156307 0.000000 -0.018931 0.980821 -0.193989 13.639600 -0.163000 0.188400 0.968471 -1.292300 0.000000 0.000000 0.000000 1.000000
0.986504 0.049535 0.156063 -0.000000 -0.018702 0.980991 -0.193151 13.639600 -0.162664 0.187625 0.968678 -1.292300 0.000000 0.000000 0.000000 1.000000
0.986567 0.049102 0.155804 -0.000000 -0.018475 0.981174 -0.192238 13.639600 -0.162311 0.186777 0.968901 -1.292300 0.000000 0.000000 0.000000 1.000000
0.986586 0.048733 0.155802 -0.000000 -0.018271 0.981369 -0.191264 13.639600 -0.162220 0.185852 0.969094 -1.292300 0.000000 0.000000 0.000000 1.000000
0.986566 0.048463 0.156007 0.000000 -0.018125 0.981558 -0.190302 13.639600 -0.162352 0.184918 0.969251 -1.292300 0.000000 0.000000 0.000000 1.000000
0.986536 0.048249 0.156264 -0.000000 -0.018011 0.981731 -0.189418 13.639600 -0.162549 0.184053 0.969382 -1.292300 0.000000 0.000000 0.000000 1.000000
0.986519 0.048042 0.156437 0.000000 -0.017903 0.981884 -0.188637 13.639600 -0.162666 0.183293 0.969507 -1.292300 0.000000 0.000000 0.000000 1.000000
0.986528 0.047816 0.156449 -0.000000 -0.017793 0.982020 -0.187937 13.639600 -0.162622 0.182621 0.969641 -1.292300 0.000000 0.000000 0.000000 1.000000
0.986552 0.047607 0.156359 -0.000000 -0.017714 0.982148 -0.187272 13.639600 -0.162483 0.181984 0.969784 -1.292300 0.000000 0.000000 0.000000 1.000000
0.986571 0.047435 0.156294 -0.000000 -0.017663 0.982273 -0.186621 13.639600 -0.162376 0.181354 0.969920 -1.292300 0.000000 0.000000 0.000000 1.000000
0.986578 0.047303 0.156288 -0.000000 -0.017632 0.982386 -0.186028 13.639600 -0.162335 0.180775 0.970035 -1.292300 0.000000 0.000000 0.000000 1.000000
0.986574 0.047217 0.156339 -0.000000 -0.017618 0.982478 -0.185546 13.639600 -0.162361 0.180301 0.970119 -1.292300 0.000000 0.000000 0.000000 1.000000
0.986562 0.047190 0.156427 0.000000 -0.017627 0.982537 -0.185231 13.639600 -0.162436 0.179984 0.970165 -1.292300 0.000000 0.000000 0.000000 1.000000
0.986545 0.047249 0.156511 0.000000 -0.017683 0.982549 -0.185163 13.639600 -0.162528 0.179905 0.970164 -1.292300 0.000000 0.000000 0.000000 1.000000
0.986529 0.047398 0.156571 0.000000 -0.017784 0.982506 -0.185380 13.639600 -0.162619 0.180098 0.970113 -1.292300 0.000000 0.000000 0.000000 1.000000
0.986511 0.047603 0.156620 0.000000 -0.017908 0.982425 -0.185796 13.639600 -0.162712 0.180485 0.970026 -1.292300 0.000000 0.000000 0.000000 1.000000
0.986493 0.047828 0.156665 0.000000 -0.018036 0.982324 -0.186320 13.639600 -0.162807 0.180978 0.969918 -1.292300 0.000000 0.000000 0.000000 1.000000
0.986477 0.048043 0.156702 0.000000 -0.018149 0.982213 -0.186889 13.639600 -0.162893 0.181518 0.969803 -1.292300 0.000000 0.000000 0.000000 1.000000
0.986473 0.048233 0.156666 -0.000000 -0.018226 0.982079 -0.187587 13.639600 -0.162907 0.182195 0.969673 -1.292300 0.000000 0.000000 0.000000 1.000000
0.986485 0.048399 0.156543 0.000000 -0.018274 0.981917 -0.188427 13.639600 -0.162832 0.183019 0.969531 -1.292300 0.000000 0.000000 0.000000 1.000000
0.986500 0.048560 0.156398 -0.000000 -0.018318 0.981752 -0.189281 13.639600 -0.162735 0.183861 0.969388 -1.292300 0.000000 0.000000 0.000000 1.000000
0.986505 0.048741 0.156309 0.000000 -0.018385 0.981601 -0.190055 13.639600 -0.162697 0.184616 0.969251 -1.292300 0.000000 0.000000 0.000000 1.000000
0.986489 0.048963 0.156339 0.000000 -0.018489 0.981471 -0.190716 13.639600 -0.162780 0.185249 0.969116 -1.292300 0.000000 0.000000 0.000000 1.000000
0.986458 0.049222 0.156453 -0.000000 -0.018619 0.981346 -0.191347 13.639600 -0.162953 0.185843 0.968973 -1.292300 0.000000 0.000000 0.000000 1.000000
