<?xml version="1.0" encoding="utf-8"?>
<COLLADA xmlns="http://www.collada.org/2005/11/COLLADASchema" version="1.4.1">
  <asset><contributor><author>Mixamo</author><authoring_tool>COLLADA Mixamo exporter</authoring_tool><comments></comments></contributor><created>2018-05-21T19:03:18Z</created><modified>2018-05-21T19:03:18Z</modified><revision></revision><title></title><unit meter="0.010000"/><up_axis>Y_UP</up_axis></asset>
  <library_animations>
    <animation id="Hips-anim" name="Hips"><source id="Hips-Matrix-animation-input"><float_array id="Hips-Matrix-animation-input-array" count="54">

0.000000 0.033333 0.066667 0.100000 0.133333 0.166667 0.200000 0.233333 0.266667 0.300000 0.333333 0.366667 0.400000 0.433333 0.466667 0.500000
0.533333 0.566667 0.600000 0.633333 0.666667 0.700000 0.733333 0.766667 0.800000 0.833333 0.866667 0.900000 0.933333 0.966667 1.000000 1.033333
1.066667 1.100000 1.133333 1.166667 1.200000 1.233333 1.266667 1.300000 1.333333 1.366667 1.400000 1.433333 1.466667 1.500000 1.533333 1.566667
1.600000 1.633333 1.666667 1.700000 1.733333 1.766667</float_array><technique_common><accessor source="#Hips-Matrix-animation-input-array" count="54"><param name="TIME" type="float"/></accessor></technique_common></source><source id="Hips-Matrix-animation-output-transform"><float_array id="Hips-Matrix-animation-output-transform-array" count="864">

0.728043 0.053875 -0.683411 1.344067 -0.000970 0.996987 0.077562 109.205467 0.685530 -0.055806 0.725902 -2.373296 0.000000 0.000000 0.000000 1.000000
0.728198 0.054233 -0.683218 1.354082 -0.001092 0.996955 0.077973 109.220261 0.685366 -0.056033 0.726039 -2.363168 0.000000 0.000000 0.000000 1.000000
0.728346 0.054590 -0.683031 1.364688 -0.001219 0.996923 0.078377 109.234245 0.685208 -0.056253 0.726172 -2.355097 0.000000 0.000000 0.000000 1.000000
0.728494 0.054948 -0.682845 1.375340 -0.001347 0.996891 0.078782 109.248177 0.685051 -0.056472 0.726303 -2.347184 0.000000 0.000000 0.000000 1.000000
0.728647 0.055305 -0.682653 1.385491 -0.001471 0.996858 0.079191 109.262787 0.684888 -0.056698 0.726439 -2.337531 0.000000 0.000000 0.000000 1.000000
0.728809 0.055663 -0.682450 1.394596 -0.001586 0.996825 0.079611 109.278801 0.684715 -0.056939 0.726584 -2.324238 0.000000 0.000000 0.000000 1.000000
0.728987 0.056021 -0.682232 1.402109 -0.001688 0.996790 0.080046 109.296967 0.684526 -0.057201 0.726741 -2.305406 0.000000 0.000000 0.000000 1.000000
0.729243 0.056387 -0.681927 1.403852 -0.001748 0.996749 0.080550 109.321648 0.684252 -0.057548 0.726971 -2.270625 0.000000 0.000000 0.000000 1.000000
0.729580 0.056758 -0.681536 1.397868 -0.001747 0.996702 0.081135 109.356339 0.683893 -0.058004 0.727273 -2.210345 0.000000 0.000000 0.000000 1.000000
0.729722 0.057083 -0.681357 1.397339 -0.001765 0.996663 0.081609 109.390869 0.683742 -0.058349 0.727388 -2.146349 0.000000 0.000000 0.000000 1.000000
0.729541 0.057320 -0.681530 1.404469 -0.001825 0.996641 0.081869 109.426407 0.683934 -0.058483 0.727196 -2.079127 0.000000 0.000000 0.000000 1.000000
0.729349 0.057577 -0.681715 1.415135 -0.001875 0.996617 0.082168 109.458290 0.684139 -0.058651 0.726989 -2.010546 0.000000 0.000000 0.000000 1.000000
0.729417 0.057966 -0.681609 1.428776 -0.001860 0.996568 0.082760 109.477768 0.684067 -0.059099 0.727021 -1.946544 0.000000 0.000000 0.000000 1.000000
0.729642 0.058441 -0.681327 1.445222 -0.001806 0.996503 0.083542 109.488731 0.683827 -0.059725 0.727196 -1.884896 0.000000 0.000000 0.000000 1.000000
0.730015 0.058941 -0.680884 1.456518 -0.001806 0.996437 0.084320 109.504608 0.683428 -0.060325 0.727521 -1.824536 0.000000 0.000000 0.000000 1.000000
0.730641 0.059471 -0.680167 1.454993 -0.001968 0.996379 0.085004 109.534836 0.682759 -0.060769 0.728112 -1.768490 0.000000 0.000000 0.000000 1.000000
0.730529 0.059824 -0.680256 1.455928 -0.002255 0.996361 0.085202 109.575615 0.682878 -0.060709 0.728006 -1.719104 0.000000 0.000000 0.000000 1.000000
0.730282 0.060148 -0.680492 1.457018 -0.002571 0.996351 0.085308 109.619026 0.683141 -0.060549 0.727772 -1.671109 0.000000 0.000000 0.000000 1.000000
0.729998 0.060450 -0.680770 1.458230 -0.002883 0.996344 0.085381 109.661682 0.683443 -0.060365 0.727504 -1.623511 0.000000 0.000000 0.000000 1.000000
0.729767 0.060729 -0.680994 1.459749 -0.003148 0.996335 0.085476 109.699310 0.683689 -0.060233 0.727283 -1.575537 0.000000 0.000000 0.000000 1.000000
0.729657 0.060889 -0.681097 1.461565 -0.003260 0.996326 0.085578 109.720322 0.683806 -0.060222 0.727175 -1.526195 0.000000 0.000000 0.000000 1.000000
0.729879 0.061052 -0.680844 1.457957 -0.003323 0.996309 0.085778 109.739326 0.683568 -0.060345 0.727388 -1.468769 0.000000 0.000000 0.000000 1.000000
0.730168 0.061191 -0.680522 1.452881 -0.003358 0.996291 0.085982 109.757095 0.683260 -0.060496 0.727665 -1.410108 0.000000 0.000000 0.000000 1.000000
0.730347 0.061245 -0.680325 1.447516 -0.003345 0.996281 0.086098 109.775223 0.683068 -0.060606 0.727836 -1.353493 0.000000 0.000000 0.000000 1.000000
0.730452 0.061218 -0.680214 1.441525 -0.003271 0.996277 0.086150 109.794769 0.682956 -0.060703 0.727933 -1.294839 0.000000 0.000000 0.000000 1.000000
0.730440 0.061144 -0.680235 1.435862 -0.003238 0.996283 0.086076 109.807411 0.682970 -0.060670 0.727923 -1.256740 0.000000 0.000000 0.000000 1.000000
0.730309 0.061047 -0.680384 1.430811 -0.003280 0.996301 0.085873 109.812576 0.683109 -0.060482 0.727808 -1.242289 0.000000 0.000000 0.000000 1.000000
0.730126 0.060934 -0.680590 1.425863 -0.003344 0.996323 0.085615 109.815796 0.683304 -0.060233 0.727645 -1.235520 0.000000 0.000000 0.000000 1.000000
0.729921 0.060814 -0.680821 1.421064 -0.003420 0.996347 0.085331 109.816803 0.683523 -0.059957 0.727463 -1.234270 0.000000 0.000000 0.000000 1.000000
0.729723 0.060694 -0.681044 1.416458 -0.003493 0.996370 0.085053 109.815361 0.683734 -0.059686 0.727286 -1.236374 0.000000 0.000000 0.000000 1.000000
0.729560 0.060584 -0.681228 1.412089 -0.003551 0.996391 0.084809 109.811195 0.683908 -0.059454 0.727142 -1.239667 0.000000 0.000000 0.000000 1.000000
0.729556 0.060509 -0.681239 1.410161 -0.003532 0.996399 0.084720 109.781059 0.683912 -0.059402 0.727143 -1.266856 0.000000 0.000000 0.000000 1.000000
0.729784 0.060530 -0.680993 1.406156 -0.003539 0.996394 0.084772 109.748253 0.683668 -0.059455 0.727367 -1.305772 0.000000 0.000000 0.000000 1.000000
0.730092 0.060586 -0.680658 1.401159 -0.003562 0.996386 0.084869 109.716293 0.683340 -0.059537 0.727669 -1.347494 0.000000 0.000000 0.000000 1.000000
0.730338 0.060571 -0.680395 1.394755 -0.003579 0.996386 0.084860 109.692780 0.683077 -0.059541 0.727915 -1.390450 0.000000 0.000000 0.000000 1.000000
0.730393 0.060359 -0.680355 1.385223 -0.003572 0.996412 0.084564 109.690712 0.683018 -0.059334 0.727987 -1.436700 0.000000 0.000000 0.000000 1.000000
0.730119 0.059979 -0.680682 1.379585 -0.003493 0.996455 0.084056 109.690681 0.683311 -0.058993 0.727740 -1.485385 0.000000 0.000000 0.000000 1.000000
0.729692 0.059610 -0.681173 1.379583 -0.003383 0.996495 0.083580 109.677704 0.683768 -0.058683 0.727336 -1.538686 0.000000 0.000000 0.000000 1.000000
0.729581 0.059346 -0.681315 1.376793 -0.003238 0.996516 0.083335 109.645409 0.683887 -0.058594 0.727231 -1.587900 0.000000 0.000000 0.000000 1.000000
0.729716 0.059153 -0.681187 1.370919 -0.003077 0.996525 0.083239 109.603233 0.683743 -0.058645 0.727362 -1.632350 0.000000 0.000000 0.000000 1.000000
0.729885 0.058962 -0.681022 1.364430 -0.002913 0.996532 0.083157 109.560196 0.683564 -0.058712 0.727526 -1.676693 0.000000 0.000000 0.000000 1.000000
0.729967 0.058726 -0.680955 1.358223 -0.002751 0.996546 0.082994 109.523262 0.683477 -0.058709 0.727607 -1.724339 0.000000 0.000000 0.000000 1.000000
0.729909 0.058421 -0.681044 1.352541 -0.002594 0.996570 0.082708 109.495277 0.683540 -0.058603 0.727557 -1.777210 0.000000 0.000000 0.000000 1.000000
0.729821 0.058094 -0.681165 1.346377 -0.002435 0.996597 0.082387 109.469444 0.683634 -0.058469 0.727480 -1.832862 0.000000 0.000000 0.000000 1.000000
0.729715 0.057752 -0.681309 1.339942 -0.002275 0.996626 0.082044 109.445091 0.683748 -0.058318 0.727384 -1.890228 0.000000 0.000000 0.000000 1.000000
0.729591 0.057400 -0.681471 1.333512 -0.002115 0.996656 0.081684 109.421906 0.683880 -0.058154 0.727273 -1.948357 0.000000 0.000000 0.000000 1.000000
0.729454 0.057045 -0.681647 1.327364 -0.001957 0.996687 0.081314 109.399597 0.684027 -0.057981 0.727149 -2.006304 0.000000 0.000000 0.000000 1.000000
0.729307 0.056690 -0.681834 1.321776 -0.001802 0.996717 0.080943 109.377853 0.684185 -0.057803 0.727015 -2.063117 0.000000 0.000000 0.000000 1.000000
0.729152 0.056342 -0.682029 1.317023 -0.001652 0.996747 0.080576 109.356377 0.684350 -0.057626 0.726873 -2.117849 0.000000 0.000000 0.000000 1.000000
0.728993 0.056007 -0.682226 1.313384 -0.001506 0.996776 0.080220 109.334877 0.684520 -0.057452 0.726727 -2.169553 0.000000 0.000000 0.000000 1.000000
0.728833 0.055689 -0.682423 1.311135 -0.001368 0.996803 0.079882 109.313042 0.684690 -0.057287 0.726579 -2.217278 0.000000 0.000000 0.000000 1.000000
0.728641 0.055415 -0.682651 1.313727 -0.001254 0.996828 0.079580 109.292099 0.684895 -0.057129 0.726399 -2.252505 0.000000 0.000000 0.000000 1.000000
0.728403 0.055189 -0.682923 1.321933 -0.001168 0.996849 0.079312 109.272758 0.685148 -0.056973 0.726172 -2.273620 0.000000 0.000000 0.000000 1.000000
0.728149 0.054978 -0.683210 1.332010 -0.001092 0.996870 0.079054 109.253960 0.685418 -0.056817 0.725930 -2.290031 0.000000 0.000000 0.000000 1.000000</float_array><technique_common><accessor source="#Hips-Matrix-animation-output-transform-array" count="54" stride="16"><param type="float4x4"/></accessor></technique_common></source><source id="Hips-Interpolations"><Name_array id="Hips-Interpolations-array" count="54">
 LINEAR LINEAR LINEAR LINEAR LINEAR LINEAR LINEAR LINEAR LINEAR LINEAR LINEAR
LINEAR LINEAR LINEAR LINEAR LINEAR LINEAR LINEAR LINEAR LINEAR LINEAR LINEAR LINEAR
LINEAR LINEAR LINEAR LINEAR LINEAR LINEAR LINEAR LINEAR LINEAR LINEAR LINEAR LINEAR
LINEAR LINEAR LINEAR LINEAR LINEAR LINEAR LINEAR LINEAR LINEAR LINEAR LINEAR LINEAR
LINEAR LINEAR LINEAR LINEAR LINEAR LINEAR LINEAR</Name_array><technique_common><accessor source="#Hips-Interpolations-array" count="54"><param type="name"/></accessor></technique_common></source><sampler id="Hips-Matrix-animation-transform"><input semantic="INPUT" source="#Hips-Matrix-animation-input"/><input semantic="OUTPUT" source="#Hips-Matrix-animation-output-transform"/><input semantic="INTERPOLATION" source="#Hips-Interpolations"/></sampler><channel source="#Hips-Matrix-animation-transform" target="Hips/matrix"/></animation>
    <animation id="Spine-anim" name="Spine"><source id="Spine-Matrix-animation-input"><float_array id="Spine-Matrix-animation-input-array" count="54">

0.000000 0.033333 0.066667 0.100000 0.133333 0.166667 0.200000 0.233333 0.266667 0.300000 0.333333 0.366667 0.400000 0.433333 0.466667 0.500000
0.533333 0.566667 0.600000 0.633333 0.666667 0.700000 0.733333 0.766667 0.800000 0.833333 0.866667 0.900000 0.933333 0.966667 1.000000 1.033333
1.066667 1.100000 1.133333 1.166667 1.200000 1.233333 1.266667 1.300000 1.333333 1.366667 1.400000 1.433333 1.466667 1.500000 1.533333 1.566667
1.600000 1.633333 1.666667 1.700000 1.733333 1.766667</float_array><technique_common><accessor source="#Spine-Matrix-animation-input-array" count="54"><param name="TIME" type="float"/></accessor></technique_common></source><source id="Spine-Matrix-animation-output-transform"><float_array id="Spine-Matrix-animation-output-transform-array" count="864">

0.996418 0.018215 0.082583 0.000000 -0.009815 0.994837 -0.101010 13.214800 -0.083996 0.099837 0.991452 0.000000 0.000000 0.000000 0.000000 1.000000
0.996430 0.018088 0.082464 -0.000000 -0.009716 0.994858 -0.100815 13.214800 -0.083864 0.099654 0.991482 0.000000 0.000000 0.000000 0.000000 1.000000
0.996442 0.017965 0.082342 0.000000 -0.009621 0.994877 -0.100632 13.214800 -0.083728 0.099482 0.991510 -0.000000 0.000000 0.000000 0.000000 1.000000
0.996454 0.017841 0.082220 -0.000000 -0.009525 0.994897 -0.100450 13.214800 -0.083593 0.099310 0.991539 -0.000000 0.000000 0.000000 0.000000 1.000000
0.996467 0.017715 0.082101 0.000000 -0.009427 0.994917 -0.100258 13.214800 -0.083460 0.099130 0.991568 -0.000000 0.000000 0.000000 0.000000 1.000000
0.996478 0.017583 0.081988 0.000000 -0.009324 0.994939 -0.100046 13.214800 -0.083332 0.098930 0.991599 0.000000 0.000000 0.000000 0.000000 1.000000
0.996489 0.017441 0.081886 0.000000 -0.009213 0.994964 -0.099805 13.214800 -0.083214 0.098700 0.991632 0.000000 0.000000 0.000000 0.000000 1.000000
0.996499 0.017270 0.081803 -0.000000 -0.009078 0.994998 -0.099477 13.214800 -0.083112 0.098386 0.991672 0.000000 0.000000 0.000000 0.000000 1.000000
0.996506 0.017056 0.081764 0.000000 -0.008907 0.995047 -0.099010 13.214800 -0.083047 0.097936 0.991722 0.000000 0.000000 0.000000 0.000000 1.000000
0.996508 0.016848 0.081784 0.000000 -0.008739 0.995096 -0.098522 13.214800 -0.083043 0.097463 0.991768 -0.000000 0.000000 0.000000 0.000000 1.000000
0.996501 0.016661 0.081901 0.000000 -0.008584 0.995149 -0.098007 13.214800 -0.083137 0.096961 0.991810 0.000000 0.000000 0.000000 0.000000 1.000000
0.996495 0.016467 0.082015 0.000000 -0.008421 0.995200 -0.097496 13.214800 -0.083227 0.096463 0.991851 -0.000000 0.000000 0.000000 0.000000 1.000000
0.996498 0.016245 0.082025 0.000000 -0.008236 0.995246 -0.097046 13.214800 -0.083211 0.096031 0.991894 -0.000000 0.000000 0.000000 0.000000 1.000000
0.996506 0.016003 0.081968 0.000000 -0.008035 0.995287 -0.096635 13.214800 -0.083128 0.095639 0.991939 0.000000 0.000000 0.000000 0.000000 1.000000
0.996519 0.015741 0.081871 0.000000 -0.007818 0.995330 -0.096209 13.214800 -0.083003 0.095234 0.991988 -0.000000 0.000000 0.000000 0.000000 1.000000
0.996537 0.015436 0.081702 0.000000 -0.007568 0.995377 -0.095744 13.214800 -0.082803 0.094794 0.992047 0.000000 0.000000 0.000000 0.000000 1.000000
0.996539 0.015196 0.081731 0.000000 -0.007365 0.995424 -0.095272 13.214800 -0.082805 0.094340 0.992090 0.000000 0.000000 0.000000 0.000000 1.000000
0.996537 0.014966 0.081796 -0.000000 -0.007169 0.995471 -0.094796 13.214800 -0.082844 0.093881 0.992131 0.000000 0.000000 0.000000 0.000000 1.000000
0.996534 0.014743 0.081867 0.000000 -0.006979 0.995517 -0.094328 13.214800 -0.082891 0.093430 0.992169 0.000000 0.000000 0.000000 0.000000 1.000000
0.996534 0.014528 0.081914 -0.000000 -0.006796 0.995560 -0.093885 13.214800 -0.082914 0.093003 0.992208 0.000000 0.000000 0.000000 0.000000 1.000000
0.996537 0.014350 0.081899 -0.000000 -0.006649 0.995594 -0.093534 13.214800 -0.082880 0.092666 0.992242 0.000000 0.000000 0.000000 0.000000 1.000000
0.996544 0.014172 0.081843 -0.000000 -0.006506 0.995628 -0.093183 13.214800 -0.082805 0.092329 0.992280 0.000000 0.000000 0.000000 0.000000 1.000000
0.996552 0.014004 0.081782 0.000000 -0.006372 0.995660 -0.092847 13.214800 -0.082727 0.092006 0.992316 0.000000 0.000000 0.000000 0.000000 1.000000
0.996556 0.013867 0.081761 0.000000 -0.006262 0.995689 -0.092548 13.214800 -0.082692 0.091717 0.992346 -0.000000 0.000000 0.000000 0.000000 1.000000
0.996556 0.013746 0.081776 0.000000 -0.006164 0.995716 -0.092255 13.214800 -0.082694 0.091433 0.992372 0.000000 0.000000 0.000000 0.000000 1.000000
0.996554 0.013701 0.081805 -0.000000 -0.006126 0.995728 -0.092137 13.214800 -0.082718 0.091318 0.992380 0.000000 0.000000 0.000000 0.000000 1.000000
0.996551 0.013732 0.081838 -0.000000 -0.006148 0.995720 -0.092212 13.214800 -0.082754 0.091391 0.992371 -0.000000 0.000000 0.000000 0.000000 1.000000
0.996547 0.013792 0.081876 0.000000 -0.006193 0.995707 -0.092353 13.214800 -0.082798 0.091527 0.992354 0.000000 0.000000 0.000000 0.000000 1.000000
0.996543 0.013871 0.081915 0.000000 -0.006252 0.995689 -0.092540 13.214800 -0.082846 0.091708 0.992334 -0.000000 0.000000 0.000000 0.000000 1.000000
0.996538 0.013957 0.081953 0.000000 -0.006317 0.995669 -0.092749 13.214800 -0.082892 0.091910 0.992311 0.000000 0.000000 0.000000 0.000000 1.000000
0.996535 0.014041 0.081985 -0.000000 -0.006381 0.995649 -0.092960 13.214800 -0.082933 0.092115 0.992289 0.000000 0.000000 0.000000 0.000000 1.000000
0.996533 0.014168 0.081988 0.000000 -0.006478 0.995616 -0.093311 13.214800 -0.082950 0.092456 0.992256 0.000000 0.000000 0.000000 0.000000 1.000000
0.996534 0.014292 0.081948 -0.000000 -0.006570 0.995576 -0.093733 13.214800 -0.082926 0.092869 0.992219 -0.000000 0.000000 0.000000 0.000000 1.000000
0.996537 0.014412 0.081894 0.000000 -0.006659 0.995534 -0.094171 13.214800 -0.082886 0.093300 0.992182 0.000000 0.000000 0.000000 0.000000 1.000000
0.996537 0.014543 0.081864 -0.000000 -0.006758 0.995494 -0.094581 13.214800 -0.082871 0.093700 0.992146 0.000000 0.000000 0.000000 0.000000 1.000000
0.996532 0.014702 0.081898 0.000000 -0.006886 0.995462 -0.094915 13.214800 -0.082922 0.094022 0.992111 0.000000 0.000000 0.000000 0.000000 1.000000
0.996523 0.014897 0.081975 0.000000 -0.007046 0.995430 -0.095238 13.214800 -0.083019 0.094329 0.992074 0.000000 0.000000 0.000000 0.000000 1.000000
0.996515 0.015102 0.082034 -0.000000 -0.007215 0.995394 -0.095594 13.214800 -0.083100 0.094668 0.992034 0.000000 0.000000 0.000000 0.000000 1.000000
0.996512 0.015273 0.082038 0.000000 -0.007356 0.995358 -0.095957 13.214800 -0.083122 0.095019 0.991999 0.000000 0.000000 0.000000 0.000000 1.000000
0.996513 0.015417 0.082003 0.000000 -0.007472 0.995322 -0.096325 13.214800 -0.083105 0.095376 0.991966 -0.000000 0.000000 0.000000 0.000000 1.000000
0.996514 0.015559 0.081968 -0.000000 -0.007587 0.995286 -0.096688 13.214800 -0.083086 0.095729 0.991934 0.000000 0.000000 0.000000 0.000000 1.000000
0.996512 0.015720 0.081962 -0.000000 -0.007719 0.995251 -0.097031 13.214800 -0.083098 0.096060 0.991901 0.000000 0.000000 0.000000 0.000000 1.000000
0.996506 0.015909 0.081997 -0.000000 -0.007878 0.995219 -0.097351 13.214800 -0.083154 0.096365 0.991867 0.000000 0.000000 0.000000 0.000000 1.000000
0.996498 0.016110 0.082045 0.000000 -0.008048 0.995186 -0.097669 13.214800 -0.083223 0.096666 0.991831 0.000000 0.000000 0.000000 0.000000 1.000000
0.996490 0.016320 0.082100 -0.000000 -0.008225 0.995154 -0.097984 13.214800 -0.083301 0.096965 0.991796 0.000000 0.000000 0.000000 0.000000 1.000000
0.996482 0.016533 0.082161 -0.000000 -0.008406 0.995122 -0.098295 13.214800 -0.083385 0.097259 0.991760 0.000000 0.000000 0.000000 0.000000 1.000000
0.996473 0.016747 0.082225 0.000000 -0.008587 0.995090 -0.098603 13.214800 -0.083473 0.097549 0.991724 0.000000 0.000000 0.000000 0.000000 1.000000
0.996464 0.016957 0.082291 0.000000 -0.008765 0.995058 -0.098905 13.214800 -0.083561 0.097834 0.991689 0.000000 0.000000 0.000000 0.000000 1.000000
0.996455 0.017159 0.082355 0.000000 -0.008936 0.995027 -0.099200 13.214800 -0.083648 0.098113 0.991654 -0.000000 0.000000 0.000000 0.000000 1.000000
0.996447 0.017350 0.082416 -0.000000 -0.009096 0.994997 -0.099488 13.214800 -0.083730 0.098385 0.991620 -0.000000 0.000000 0.000000 0.000000 1.000000
0.996439 0.017526 0.082472 -0.000000 -0.009243 0.994968 -0.099768 13.214800 -0.083805 0.098650 0.991587 -0.000000 0.000000 0.000000 0.000000 1.000000
0.996433 0.017656 0.082518 0.000000 -0.009347 0.994942 -0.100012 13.214800 -0.083867 0.098884 0.991559 0.000000 0.000000 0.000000 0.000000 1.000000
0.996428 0.017735 0.082557 0.000000 -0.009405 0.994921 -0.100214 13.214800 -0.083915 0.099079 0.991535 0.000000 0.000000 0.000000 0.000000 1.000000
0.996424 0.017797 0.082594 0.000000 -0.009447 0.994902 -0.100401 13.214800 -0.083960 0.099262 0.991513 -0.000000 0.000000 0.000000 0.000000 1.000000</float_array><technique_common><accessor source="#Spine-Matrix-animation-output-transform-array" count="54" stride="16"><param type="float4x4"/></accessor></technique_common></source><source id="Spine-Interpolations"><Name_array id="Spine-Interpolations-array" count="54">
 LINEAR LINEAR LINEAR LINEAR LINEAR LINEAR LINEAR LINEAR LINEAR LINEAR LINEAR
LINEAR LINEAR LINEAR LINEAR LINEAR LINEAR LINEAR LINEAR LINEAR LINEAR LINEAR LINEAR
LINEAR LINEAR LINEAR LINEAR LINEAR LINEAR LINEAR LINEAR LINEAR LINEAR LINEAR LINEAR
LINEAR LINEAR LINEAR LINEAR LINEAR LINEAR LINEAR LINEAR LINEAR LINEAR LINEAR LINEAR
LINEAR LINEAR LINEAR LINEAR LINEAR LINEAR LINEAR</Name_array><technique_common><accessor source="#Spine-Interpolations-array" count="54"><param type="name"/></accessor></technique_common></source><sampler id="Spine-Matrix-animation-transform"><input semantic="INPUT" source="#Spine-Matrix-animation-input"/><input semantic="OUTPUT" source="#Spine-Matrix-animation-output-transform"/><input semantic="INTERPOLATION" source="#Spine-Interpolations"/></sampler><channel source="#Spine-Matrix-animation-transform" target="Spine/matrix"/></animation>
    <animation id="Spine1-anim" name="Spine1"><source id="Spine1-Matrix-animation-input"><float_array id="Spine1-Matrix-animation-input-array" count="54">

0.000000 0.033333 0.066667 0.100000 0.133333 0.166667 0.200000 0.233333 0.266667 0.300000 0.333333 0.366667 0.400000 0.433333 0.466667 0.500000
0.533333 0.566667 0.600000 0.633333 0.666667 0.700000 0.733333 0.766667 0.800000 0.833333 0.866667 0.900000 0.933333 0.966667 1.000000 1.033333
1.066667 1.100000 1.133333 1.166667 1.200000 1.233333 1.266667 1.300000 1.333333 1.366667 1.400000 1.433333 1.466667 1.500000 1.533333 1.566667
1.600000 1.633333 1.666667 1.700000 1.733333 1.766667</float_array><technique_common><accessor source="#Spine1-Matrix-animation-input-array" count="54"><param name="TIME" type="float"/></accessor></technique_common></source><source id="Spine1-Matrix-animation-output-transform"><float_array id="Spine1-Matrix-animation-output-transform-array" count="864">

0.986184 0.053092 0.156915 -0.007800 -0.020480 0.979057 -0.202553 9.224200 -0.164383 0.196541 0.966618 0.000000 0.000000 0.000000 0.000000 1.000000
0.986229 0.052878 0.156707 -0.007800 -0.020374 0.979139 -0.202169 9.224200 -0.164129 0.196192 0.966732 0.000000 0.000000 0.000000 0.000000 1.000000
0.986274 0.052667 0.156491 -0.007800 -0.020269 0.979216 -0.201807 9.224200 -0.163867 0.195865 0.966843 -0.000000 0.000000 0.000000 0.000000 1.000000
0.986320 0.052456 0.156274 -0.007800 -0.020165 0.979292 -0.201446 9.224200 -0.163605 0.195539 0.966953 0.000000 0.000000 0.000000 0.000000 1.000000
0.986364 0.052243 0.156065 -0.007800 -0.020059 0.979372 -0.201067 9.224200 -0.163350 0.195194 0.967066 0.000000 0.000000 0.000000 0.000000 1.000000
0.986407 0.052025 0.155870 -0.007800 -0.019952 0.979460 -0.200649 9.224200 -0.163107 0.194812 0.967184 0.000000 0.000000 0.000000 0.000000 1.000000
0.986446 0.051800 0.155698 -0.007800 -0.019843 0.979559 -0.200174 9.224200 -0.162885 0.194371 0.967310 0.000000 0.000000 0.000000 0.000000 1.000000
0.986478 0.051549 0.155575 -0.007800 -0.019727 0.979693 -0.199531 9.224200 -0.162702 0.193764 0.967463 0.000000 0.000000 0.000000 0.000000 1.000000
0.986497 0.051264 0.155552 -0.007800 -0.019601 0.979880 -0.198620 9.224200 -0.162605 0.192889 0.967654 0.000000 0.000000 0.000000 0.000000 1.000000
0.986495 0.051005 0.155646 -0.007800 -0.019486 0.980075 -0.197669 9.224200 -0.162627 0.191966 0.967833 -0.000000 0.000000 0.000000 0.000000 1.000000
0.986461 0.050804 0.155928 -0.007800 -0.019398 0.980278 -0.196669 9.224200 -0.162844 0.190981 0.967992 0.000000 0.000000 0.000000 0.000000 1.000000
0.986429 0.050586 0.156205 -0.007800 -0.019295 0.980479 -0.195674 9.224200 -0.163054 0.190004 0.968149 0.000000 0.000000 0.000000 0.000000 1.000000
0.986433 0.050284 0.156273 -0.007800 -0.019129 0.980657 -0.194795 9.224200 -0.163046 0.189163 0.968315 0.000000 0.000000 0.000000 0.000000 1.000000
0.986461 0.049925 0.156212 -0.007800 -0.018920 0.980821 -0.193988 9.224200 -0.162901 0.188406 0.968487 -0.000000 0.000000 0.000000 0.000000 1.000000
0.986502 0.049537 0.156074 -0.007800 -0.018702 0.980991 -0.193151 9.224200 -0.162675 0.187625 0.968676 0.000000 0.000000 0.000000 0.000000 1.000000
0.986567 0.049102 0.155804 -0.007800 -0.018475 0.981174 -0.192238 9.224200 -0.162311 0.186777 0.968901 0.000000 0.000000 0.000000 0.000000 1.000000
0.986563 0.048811 0.155917 -0.007800 -0.018317 0.981357 -0.191319 9.224200 -0.162349 0.185892 0.969065 0.000000 0.000000 0.000000 0.000000 1.000000
0.986548 0.048544 0.156100 -0.007800 -0.018172 0.981540 -0.190393 9.224200 -0.162461 0.184995 0.969218 0.000000 0.000000 0.000000 0.000000 1.000000
0.986529 0.048289 0.156295 -0.007800 -0.018034 0.981718 -0.189483 9.224200 -0.162587 0.184112 0.969365 0.000000 0.000000 0.000000 0.000000 1.000000
0.986519 0.048035 0.156438 -0.007800 -0.017898 0.981887 -0.188620 9.224200 -0.162665 0.183278 0.969510 0.000000 0.000000 0.000000 0.000000 1.000000
0.986528 0.047816 0.156449 -0.007800 -0.017793 0.982020 -0.187937 9.224200 -0.162622 0.182621 0.969641 0.000000 0.000000 0.000000 0.000000 1.000000
0.986549 0.047616 0.156378 -0.007800 -0.017722 0.982152 -0.187254 9.224200 -0.162504 0.181964 0.969784 0.000000 0.000000 0.000000 0.000000 1.000000
0.986570 0.047435 0.156298 -0.007800 -0.017666 0.982277 -0.186602 9.224200 -0.162379 0.181335 0.969923 0.000000 0.000000 0.000000 0.000000 1.000000
0.986578 0.047299 0.156291 -0.007800 -0.017629 0.982387 -0.186022 9.224200 -0.162337 0.180770 0.970036 0.000000 0.000000 0.000000 0.000000 1.000000
0.986573 0.047188 0.156354 -0.007800 -0.017602 0.982495 -0.185455 9.224200 -0.162369 0.180212 0.970134 0.000000 0.000000 0.000000 0.000000 1.000000
0.986562 0.047190 0.156426 -0.007800 -0.017627 0.982537 -0.185231 9.224200 -0.162436 0.179985 0.970165 0.000000 0.000000 0.000000 0.000000 1.000000
0.986547 0.047308 0.156486 -0.007800 -0.017709 0.982506 -0.185387 9.224200 -0.162518 0.180122 0.970126 -0.000000 0.000000 0.000000 0.000000 1.000000
0.986529 0.047472 0.156547 -0.007800 -0.017812 0.982450 -0.185674 9.224200 -0.162614 0.180384 0.970061 0.000000 0.000000 0.000000 0.000000 1.000000
0.986510 0.047661 0.156607 -0.007800 -0.017926 0.982377 -0.186049 9.224200 -0.162714 0.180731 0.969979 0.000000 0.000000 0.000000 0.000000 1.000000
0.986492 0.047858 0.156660 -0.007800 -0.018042 0.982295 -0.186468 9.224200 -0.162810 0.181123 0.969890 0.000000 0.000000 0.000000 0.000000 1.000000
0.986477 0.048044 0.156702 -0.007800 -0.018149 0.982213 -0.186889 9.224200 -0.162894 0.181518 0.969803 0.000000 0.000000 0.000000 0.000000 1.000000
0.986473 0.048232 0.156670 -0.007800 -0.018226 0.982081 -0.187577 9.224200 -0.162909 0.182184 0.969675 0.000000 0.000000 0.000000 0.000000 1.000000
0.986483 0.048401 0.156550 -0.007800 -0.018279 0.981922 -0.188403 9.224200 -0.162839 0.182995 0.969534 0.000000 0.000000 0.000000 0.000000 1.000000
0.986499 0.048562 0.156403 -0.007800 -0.018323 0.981756 -0.189260 9.224200 -0.162740 0.183839 0.969391 0.000000 0.000000 0.000000 0.000000 1.000000
0.986506 0.048739 0.156304 -0.007800 -0.018383 0.981600 -0.190061 9.224200 -0.162692 0.184623 0.969250 0.000000 0.000000 0.000000 0.000000 1.000000
0.986489 0.048963 0.156339 -0.007800 -0.018489 0.981471 -0.190716 9.224200 -0.162780 0.185249 0.969116 0.000000 0.000000 0.000000 0.000000 1.000000
0.986458 0.049222 0.156453 -0.007800 -0.018619 0.981346 -0.191347 9.224200 -0.162953 0.185843 0.968973 0.000000 0.000000 0.000000 0.000000 1.000000
0.986434 0.049472 0.156526 -0.007800 -0.018738 0.981208 -0.192040 9.224200 -0.163085 0.186502 0.968824 0.000000 0.000000 0.000000 0.000000 1.000000
0.986431 0.049659 0.156488 -0.007800 -0.018812 0.981068 -0.192746 9.224200 -0.163097 0.187187 0.968690 0.000000 0.000000 0.000000 0.000000 1.000000
0.986441 0.049803 0.156376 -0.007800 -0.018856 0.980927 -0.193459 9.224200 -0.163028 0.187887 0.968566 0.000000 0.000000 0.000000 0.000000 1.000000
0.986452 0.049944 0.156264 -0.007800 -0.018900 0.980787 -0.194162 9.224200 -0.162959 0.188578 0.968444 0.000000 0.000000 0.000000 0.000000 1.000000
0.986452 0.050113 0.156210 -0.007800 -0.018967 0.980654 -0.194827 9.224200 -0.162951 0.189225 0.968319 0.000000 0.000000 0.000000 0.000000 1.000000
0.986436 0.050326 0.156240 -0.007800 -0.019068 0.980529 -0.195448 9.224200 -0.163034 0.189817 0.968189 0.000000 0.000000 0.000000 0.000000 1.000000
0.986416 0.050558 0.156292 -0.007800 -0.019184 0.980403 -0.196064 9.224200 -0.163142 0.190402 0.968056 0.000000 0.000000 0.000000 0.000000 1.000000
0.986393 0.050801 0.156360 -0.007800 -0.019309 0.980279 -0.196675 9.224200 -0.163268 0.190980 0.967921 0.000000 0.000000 0.000000 0.000000 1.000000
0.986367 0.051050 0.156439 -0.007800 -0.019439 0.980155 -0.197280 9.224200 -0.163406 0.191549 0.967785 0.000000 0.000000 0.000000 0.000000 1.000000
0.986341 0.051300 0.156526 -0.007800 -0.019570 0.980032 -0.197876 9.224200 -0.163551 0.192109 0.967649 0.000000 0.000000 0.000000 0.000000 1.000000
0.986314 0.051546 0.156615 -0.007800 -0.019698 0.979911 -0.198461 9.224200 -0.163699 0.192660 0.967515 0.000000 0.000000 0.000000 0.000000 1.000000
0.986287 0.051783 0.156703 -0.007800 -0.019819 0.979792 -0.199034 9.224200 -0.163843 0.193199 0.967383 0.000000 0.000000 0.000000 0.000000 1.000000
0.986262 0.052005 0.156787 -0.007800 -0.019929 0.979676 -0.199592 9.224200 -0.163980 0.193726 0.967254 0.000000 0.000000 0.000000 0.000000 1.000000
0.986240 0.052208 0.156860 -0.007800 -0.020024 0.979564 -0.200134 9.224200 -0.164103 0.194239 0.967130 0.000000 0.000000 0.000000 0.000000 1.000000
0.986222 0.052353 0.156922 -0.007800 -0.020075 0.979466 -0.200607 9.224200 -0.164203 0.194693 0.967022 0.000000 0.000000 0.000000 0.000000 1.000000
0.986209 0.052435 0.156977 -0.007800 -0.020079 0.979386 -0.200998 9.224200 -0.164280 0.195074 0.966932 -0.000000 0.000000 0.000000 0.000000 1.000000
0.986198 0.052495 0.157028 -0.007800 -0.020066 0.979311 -0.201361 9.224200 -0.164350 0.195431 0.966848 0.000000 0.000000 0.000000 0.000000 1.000000</float_array><technique_common><accessor source="#Spine1-Matrix-animation-output-transform-array" count="54" stride="16"><param type="float4x4"/></accessor></technique_common></source><source id="Spine1-Interpolations"><Name_array id="Spine1-Interpolations-array" count="54">
 LINEAR LINEAR LINEAR LINEAR LINEAR LINEAR LINEAR LINEAR LINEAR LINEAR LINEAR
LINEAR LINEAR LINEAR LINEAR LINEAR LINEAR LINEAR LINEAR LINEAR LINEAR LINEAR LINEAR
LINEAR LINEAR LINEAR LINEAR LINEAR LINEAR LINEAR LINEAR LINEAR LINEAR LINEAR LINEAR
LINEAR LINEAR LINEAR LINEAR LINEAR LINEAR LINEAR LINEAR LINEAR LINEAR LINEAR LINEAR
LINEAR LINEAR LINEAR LINEAR LINEAR LINEAR LINEAR</Name_array><technique_common><accessor source="#Spine1-Interpolations-array" count="54"><param type="name"/></accessor></technique_common></source><sampler id="Spine1-Matrix-animation-transform"><input semantic="INPUT" source="#Spine1-Matrix-animation-input"/><input semantic="OUTPUT" source="#Spine1-Matrix-animation-output-transform"/><input semantic="INTERPOLATION" source="#Spine1-Interpolations"/></sampler><channel source="#Spine1-Matrix-animation-transform" target="Spine1/matrix"/></animation>
    <animation id="Spine2-anim" name="Spine2"><source id="Spine2-Matrix-animation-input"><float_array id="Spine2-Matrix-animation-input-array" count="54">

0.000000 0.033333 0.066667 0.100000 0.133333 0.166667 0.200000 0.233333 0.266667 0.300000 0.333333 0.366667 0.400000 0.433333 0.466667 0.500000
0.533333 0.566667 0.600000 0.633333 0.666667 0.700000 0.733333 0.766667 0.800000 0.833333 0.866667 0.900000 0.933333 0.966667 1.000000 1.033333
1.066667 1.100000 1.133333 1.166667 1.200000 1.233333 1.266667 1.300000 1.333333 1.366667 1.400000 1.433333 1.466667 1.500000 1.533333 1.566667
1.600000 1.633333 1.666667 1.700000 1.733333 1.766667</float_array><technique_common><accessor source="#Spine2-Matrix-animation-input-array" count="54"><param name="TIME" type="float"/></accessor></technique_common></source><source id="Spine2-Matrix-animation-output-transform"><float_array id="Spine2-Matrix-animation-output-transform-array" count="864">

0.986184 0.053092 0.156915 -0.005300 -0.020480 0.979057 -0.202553 11.063000 -0.164382 0.196541 0.966618 0.000000 0.000000 0.000000 0.000000 1.000000
0.986229 0.052878 0.156707 -0.005300 -0.020374 0.979139 -0.202169 11.063000 -0.164128 0.196192 0.966732 0.000000 0.000000 0.000000 0.000000 1.000000
0.986274 0.052667 0.156491 -0.005300 -0.020269 0.979216 -0.201807 11.063000 -0.163867 0.195865 0.966843 0.000000 0.000000 0.000000 0.000000 1.000000
0.986320 0.052456 0.156274 -0.005300 -0.020164 0.979292 -0.201446 11.063000 -0.163605 0.195539 0.966953 0.000000 0.000000 0.000000 0.000000 1.000000
0.986364 0.052242 0.156065 -0.005300 -0.020059 0.979372 -0.201067 11.063000 -0.163350 0.195194 0.967066 0.000000 0.000000 0.000000 0.000000 1.000000
0.986407 0.052025 0.155870 -0.005300 -0.019952 0.979460 -0.200649 11.063000 -0.163107 0.194812 0.967184 0.000000 0.000000 0.000000 0.000000 1.000000
0.986446 0.051800 0.155698 -0.005300 -0.019843 0.979559 -0.200174 11.063000 -0.162885 0.194371 0.967310 -0.000000 0.000000 0.000000 0.000000 1.000000
0.986478 0.051549 0.155575 -0.005300 -0.019727 0.979693 -0.199531 11.063000 -0.162702 0.193764 0.967463 0.000000 0.000000 0.000000 0.000000 1.000000
0.986497 0.051264 0.155552 -0.005300 -0.019601 0.979880 -0.198620 11.063000 -0.162605 0.192889 0.967654 -0.000000 0.000000 0.000000 0.000000 1.000000
0.986495 0.051005 0.155646 -0.005300 -0.019486 0.980075 -0.197669 11.063000 -0.162627 0.191966 0.967833 0.000000 0.000000 0.000000 0.000000 1.000000
0.986461 0.050804 0.155928 -0.005300 -0.019398 0.980278 -0.196669 11.063000 -0.162844 0.190981 0.967992 0.000000 0.000000 0.000000 0.000000 1.000000
0.986429 0.050586 0.156204 -0.005300 -0.019295 0.980479 -0.195674 11.063000 -0.163053 0.190004 0.968149 0.000000 0.000000 0.000000 0.000000 1.000000
0.986433 0.050284 0.156273 -0.005300 -0.019129 0.980657 -0.194795 11.063000 -0.163045 0.189163 0.968315 0.000000 0.000000 0.000000 0.000000 1.000000
0.986461 0.049925 0.156212 -0.005300 -0.018920 0.980821 -0.193988 11.063000 -0.162901 0.188406 0.968487 0.000000 0.000000 0.000000 0.000000 1.000000
0.986502 0.049537 0.156074 -0.005300 -0.018702 0.980991 -0.193151 11.063000 -0.162675 0.187625 0.968676 0.000000 0.000000 0.000000 0.000000 1.000000
0.986567 0.049102 0.155804 -0.005300 -0.018475 0.981174 -0.192238 11.063000 -0.162311 0.186777 0.968901 0.000000 0.000000 0.000000 0.000000 1.000000
0.986563 0.048811 0.155917 -0.005300 -0.018317 0.981357 -0.191319 11.063000 -0.162349 0.185892 0.969065 0.000000 0.000000 0.000000 0.000000 1.000000
0.986548 0.048544 0.156100 -0.005300 -0.018172 0.981540 -0.190393 11.063000 -0.162461 0.184995 0.969218 0.000000 0.000000 0.000000 0.000000 1.000000
0.986529 0.048289 0.156295 -0.005300 -0.018034 0.981718 -0.189482 11.063000 -0.162587 0.184111 0.969365 0.000000 0.000000 0.000000 0.000000 1.000000
0.986519 0.048035 0.156438 -0.005300 -0.017898 0.981887 -0.188620 11.063000 -0.162665 0.183277 0.969510 0.000000 0.000000 0.000000 0.000000 1.000000
0.986528 0.047816 0.156449 -0.005300 -0.017793 0.982020 -0.187937 11.063000 -0.162622 0.182621 0.969641 0.000000 0.000000 0.000000 0.000000 1.000000
0.986549 0.047616 0.156378 -0.005300 -0.017722 0.982152 -0.187255 11.063000 -0.162504 0.181964 0.969784 0.000000 0.000000 0.000000 0.000000 1.000000
0.986570 0.047435 0.156298 -0.005300 -0.017666 0.982277 -0.186602 11.063000 -0.162379 0.181335 0.969923 -0.000000 0.000000 0.000000 0.000000 1.000000
0.986578 0.047299 0.156291 -0.005300 -0.017629 0.982387 -0.186022 11.063000 -0.162337 0.180770 0.970036 0.000000 0.000000 0.000000 0.000000 1.000000
0.986573 0.047188 0.156354 -0.005300 -0.017602 0.982495 -0.185455 11.063000 -0.162369 0.180212 0.970134 0.000000 0.000000 0.000000 0.000000 1.000000
0.986562 0.047190 0.156427 -0.005300 -0.017627 0.982537 -0.185231 11.063000 -0.162436 0.179984 0.970165 0.000000 0.000000 0.000000 0.000000 1.000000
0.986547 0.047308 0.156486 -0.005300 -0.017709 0.982506 -0.185387 11.063000 -0.162519 0.180122 0.970126 0.000000 0.000000 0.000000 0.000000 1.000000
0.986529 0.047472 0.156547 -0.005300 -0.017812 0.982450 -0.185674 11.063000 -0.162614 0.180384 0.970061 0.000000 0.000000 0.000000 0.000000 1.000000
0.986510 0.047661 0.156607 -0.005300 -0.017926 0.982377 -0.186049 11.063000 -0.162714 0.180731 0.969980 0.000000 0.000000 0.000000 0.000000 1.000000
0.986492 0.047858 0.156660 -0.005300 -0.018042 0.982295 -0.186468 11.063000 -0.162810 0.181123 0.969890 -0.000000 0.000000 0.000000 0.000000 1.000000
0.986477 0.048043 0.156702 -0.005300 -0.018148 0.982213 -0.186889 11.063000 -0.162893 0.181518 0.969803 0.000000 0.000000 0.000000 0.000000 1.000000
0.986473 0.048232 0.156669 -0.005300 -0.018226 0.982081 -0.187577 11.063000 -0.162909 0.182184 0.969675 0.000000 0.000000 0.000000 0.000000 1.000000
0.986483 0.048401 0.156550 -0.005300 -0.018279 0.981922 -0.188403 11.063000 -0.162839 0.182995 0.969534 0.000000 0.000000 0.000000 0.000000 1.000000
0.986499 0.048562 0.156403 -0.005300 -0.018323 0.981756 -0.189260 11.063000 -0.162740 0.183839 0.969391 0.000000 0.000000 0.000000 0.000000 1.000000
0.986506 0.048739 0.156304 -0.005300 -0.018383 0.981600 -0.190061 11.063000 -0.162692 0.184623 0.969250 0.000000 0.000000 0.000000 0.000000 1.000000
0.986489 0.048963 0.156339 -0.005300 -0.018489 0.981471 -0.190716 11.063000 -0.162780 0.185249 0.969116 -0.000000 0.000000 0.000000 0.000000 1.000000
0.986458 0.049222 0.156453 -0.005300 -0.018619 0.981346 -0.191347 11.063000 -0.162953 0.185843 0.968973 -0.000000 0.000000 0.000000 0.000000 1.000000
0.986434 0.049472 0.156526 -0.005300 -0.018738 0.981208 -0.192040 11.063000 -0.163085 0.186502 0.968824 0.000000 0.000000 0.000000 0.000000 1.000000
0.986431 0.049659 0.156488 -0.005300 -0.018812 0.981068 -0.192746 11.063000 -0.163097 0.187187 0.968690 0.000000 0.000000 0.000000 0.000000 1.000000
0.986441 0.049803 0.156376 -0.005300 -0.018856 0.980927 -0.193459 11.063000 -0.163028 0.187887 0.968566 -0.000000 0.000000 0.000000 0.000000 1.000000
0.986452 0.049944 0.156264 -0.005300 -0.018900 0.980787 -0.194162 11.063000 -0.162958 0.188578 0.968444 -0.000000 0.000000 0.000000 0.000000 1.000000
0.986452 0.050113 0.156210 -0.005300 -0.018967 0.980654 -0.194827 11.063000 -0.162951 0.189225 0.968319 0.000000 0.000000 0.000000 0.000000 1.000000
0.986436 0.050326 0.156239 -0.005300 -0.019068 0.980529 -0.195448 11.063000 -0.163033 0.189818 0.968189 0.000000 0.000000 0.000000 0.000000 1.000000
0.986416 0.050558 0.156292 -0.005300 -0.019184 0.980403 -0.196064 11.063000 -0.163142 0.190402 0.968056 0.000000 0.000000 0.000000 0.000000 1.000000
0.986393 0.050801 0.156360 -0.005300 -0.019309 0.980279 -0.196675 11.063000 -0.163267 0.190980 0.967921 -0.000000 0.000000 0.000000 0.000000 1.000000
0.986367 0.051050 0.156439 -0.005300 -0.019439 0.980155 -0.197280 11.063000 -0.163405 0.191549 0.967785 -0.000000 0.000000 0.000000 0.000000 1.000000
0.986341 0.051300 0.156525 -0.005300 -0.019570 0.980032 -0.197876 11.063000 -0.163551 0.192109 0.967649 0.000000 0.000000 0.000000 0.000000 1.000000
0.986314 0.051546 0.156615 -0.005300 -0.019698 0.979911 -0.198461 11.063000 -0.163698 0.192660 0.967515 -0.000000 0.000000 0.000000 0.000000 1.000000
0.986287 0.051783 0.156703 -0.005300 -0.019819 0.979792 -0.199034 11.063000 -0.163843 0.193199 0.967383 0.000000 0.000000 0.000000 0.000000 1.000000
0.986262 0.052005 0.156786 -0.005300 -0.019929 0.979676 -0.199592 11.063000 -0.163980 0.193726 0.967254 -0.000000 0.000000 0.000000 0.000000 1.000000
0.986240 0.052208 0.156860 -0.005300 -0.020024 0.979564 -0.200134 11.063000 -0.164103 0.194239 0.967130 -0.000000 0.000000 0.000000 0.000000 1.000000
0.986222 0.052353 0.156922 -0.005300 -0.020075 0.979466 -0.200607 11.063000 -0.164202 0.194693 0.967022 -0.000000 0.000000 0.000000 0.000000 1.000000
0.986209 0.052435 0.156977 -0.005300 -0.020079 0.979386 -0.200998 11.063000 -0.164280 0.195074 0.966932 0.000000 0.000000 0.000000 0.000000 1.000000
