<?xml version="1.0" encoding="utf-8"?>
<COLLADA xmlns="http://www.collada.org/2005/11/COLLADASchema" version="1.4.1">
  <asset><contributor><author>Mixamo</author><authoring_tool>COLLADA Mixamo exporter</authoring_tool><comments></comments></contributor><created>2018-06-14T19:09:00Z</created><modified>2018-06-14T19:09:00Z</modified><revision></revision><title></title><unit meter="0.010000"/><up_axis>Y_UP</up_axis></asset>
  <library_animations>
    <animation id="Hips-anim" name="Hips"><source id="Hips-Matrix-animation-input"><float_array id="Hips-Matrix-animation-input-array" count="54">

0.000000 0.033333 0.066667 0.100000 0.133333 0.166667 0.200000 0.233333 0.266667 0.300000 0.333333 0.366667 0.400000 0.433333 0.466667 0.500000
0.533333 0.566667 0.600000 0.633333 0.666667 0.700000 0.733333 0.766667 0.800000 0.833333 0.866667 0.900000 0.933333 0.966667 1.000000 1.033333
1.066667 1.100000 1.133333 1.166667 1.200000 1.233333 1.266667 1.300000 1.333333 1.366667 1.400000 1.433333 1.466667 1.500000 1.533333 1.566667
1.600000 1.633333 1.666667 1.700000 1.733333 1.766667</float_array><technique_common><accessor source="#Hips-Matrix-animation-input-array" count="54"><param name="TIME" type="float"/></accessor></technique_common></source><source id="Hips-Matrix-animation-output-transform"><float_array id="Hips-Matrix-animation-output-transform-array" count="864">

0.728044 0.053792 -0.683417 1.342954 -0.000906 0.996991 0.077509 109.205421 0.685530 -0.055811 0.725902 -2.374534 0.000000 0.000000 0.000000 1.000000
0.727204 0.043886 -0.685018 1.915525 -0.003694 0.998190 0.060028 109.090630 0.686412 -0.041122 0.726049 -2.539603 0.000000 0.000000 0.000000 1.000000
0.717276 0.015092 -0.696626 3.529310 -0.003948 0.999837 0.017596 107.771217 0.696778 -0.009871 0.717219 -3.086523 0.000000 0.000000 0.000000 1.000000
0.694703 -0.031116 -0.718623 5.948017 -0.010521 0.998517 -0.053406 104.735146 0.719220 0.044662 0.693346 -3.895950 0.000000 0.000000 0.000000 1.000000
0.661106 -0.088158 -0.745096 8.804068 -0.028958 0.989335 -0.142750 99.713867 0.749734 0.115949 0.651502 -4.821643 0.000000 0.000000 0.000000 1.000000
0.623844 -0.145411 -0.767903 11.756851 -0.057148 0.971422 -0.230377 92.668098 0.779457 0.187604 0.597706 -5.759894 0.000000 0.000000 0.000000 1.000000
0.598676 -0.198005 -0.776132 14.207770 -0.077159 0.950202 -0.301931 84.005714 0.797266 0.240645 0.553585 -6.585403 0.000000 0.000000 0.000000 1.000000
0.591673 -0.240524 -0.769461 15.936991 -0.057988 0.939286 -0.338199 75.038010 0.804089 0.244723 0.541803 -6.977867 0.000000 0.000000 0.000000 1.000000
0.590479 -0.258151 -0.764652 16.672216 -0.024982 0.941161 -0.337034 67.576363 0.806666 0.218114 0.549287 -6.938558 0.000000 0.000000 0.000000 1.000000
0.593961 -0.236318 -0.769002 16.352238 -0.000246 0.955830 -0.293921 62.874348 0.804493 0.174767 0.567668 -6.662117 0.000000 0.000000 0.000000 1.000000
0.612759 -0.167892 -0.772230 15.092562 0.008489 0.978514 -0.206004 61.532013 0.790225 0.119676 0.601018 -6.468562 0.000000 0.000000 0.000000 1.000000
0.643025 -0.101572 -0.759080 12.688411 0.019854 0.993044 -0.116060 64.404167 0.765588 0.059558 0.640568 -6.543371 0.000000 0.000000 0.000000 1.000000
0.686333 -0.043762 -0.725970 9.538866 0.024101 0.999008 -0.037435 71.080650 0.726888 0.008196 0.686707 -7.187738 0.000000 0.000000 0.000000 1.000000
0.728251 0.015934 -0.685126 5.578231 0.028896 0.998127 0.053929 81.256477 0.684701 -0.059071 0.726426 -7.504822 0.000000 0.000000 0.000000 1.000000
0.759098 0.070084 -0.647193 0.783453 0.038702 0.987571 0.152337 94.800835 0.649825 -0.140686 0.746950 -6.836987 0.000000 0.000000 0.000000 1.000000
0.775003 0.098126 -0.624293 -4.536456 0.051105 0.974905 0.216677 111.184761 0.629888 -0.199830 0.750540 -5.210456 0.000000 0.000000 0.000000 1.000000
0.763837 0.083691 -0.639960 -8.482315 0.065325 0.976440 0.205665 125.142235 0.642094 -0.198900 0.740374 -4.643770 0.000000 0.000000 0.000000 1.000000
0.772577 0.025548 -0.634407 -8.543319 0.110112 0.978658 0.173505 139.490738 0.625300 -0.203901 0.753275 -5.182463 0.000000 0.000000 0.000000 1.000000
0.775858 -0.055443 -0.628467 -6.335991 0.158389 0.981346 0.108961 151.831848 0.610702 -0.184080 0.770167 -6.385178 0.000000 0.000000 0.000000 1.000000
0.766624 -0.136246 -0.627474 -3.772078 0.198345 0.979685 0.029608 161.078461 0.610693 -0.147154 0.778074 -7.817506 0.000000 0.000000 0.000000 1.000000
0.756402 -0.193490 -0.624834 -2.251853 0.241463 0.970375 -0.008186 168.008377 0.607907 -0.144683 0.780715 -9.159512 0.000000 0.000000 0.000000 1.000000
0.751871 -0.184395 -0.633000 -1.985029 0.251093 0.967826 0.016314 172.622589 0.609625 -0.171208 0.773980 -10.116680 0.000000 0.000000 0.000000 1.000000
0.761393 -0.144469 -0.631988 -2.620716 0.262791 0.959948 0.097161 174.422775 0.592639 -0.240059 0.768863 -10.284485 0.000000 0.000000 0.000000 1.000000
0.782426 -0.094328 -0.615558 -3.803767 0.271851 0.941042 0.201340 173.477005 0.560274 -0.324874 0.761939 -9.901620 0.000000 0.000000 0.000000 1.000000
0.807201 -0.052655 -0.587923 -4.950567 0.267891 0.920210 0.285392 170.585129 0.525985 -0.387868 0.756900 -9.409790 0.000000 0.000000 0.000000 1.000000
0.826370 -0.030703 -0.562290 -5.376913 0.245427 0.918328 0.310547 167.071091 0.506832 -0.394628 0.766414 -9.226236 0.000000 0.000000 0.000000 1.000000
0.839389 -0.042178 -0.541892 -5.070745 0.232691 0.928888 0.288137 163.545868 0.491204 -0.367952 0.789513 -8.857297 0.000000 0.000000 0.000000 1.000000
0.848354 -0.071138 -0.524628 -4.502205 0.223869 0.946183 0.233710 159.737717 0.479769 -0.315717 0.818624 -8.194278 0.000000 0.000000 0.000000 1.000000
0.855663 -0.100652 -0.507651 -4.041917 0.206615 0.965781 0.156771 155.123764 0.474501 -0.239031 0.847180 -7.013062 0.000000 0.000000 0.000000 1.000000
0.868224 -0.118021 -0.481932 -3.933694 0.176844 0.981117 0.078326 148.965454 0.463587 -0.153231 0.872701 -4.992873 0.000000 0.000000 0.000000 1.000000
0.894567 -0.113658 -0.432240 -4.246013 0.139359 0.989842 0.028137 140.510696 0.424652 -0.085407 0.901319 -1.889124 0.000000 0.000000 0.000000 1.000000
0.927621 -0.087131 -0.363218 -4.695241 0.102825 0.994408 0.024059 130.036041 0.359091 -0.059666 0.931394 1.525207 0.000000 0.000000 0.000000 1.000000
0.955601 -0.044566 -0.291275 -5.092877 0.054192 0.998216 0.025062 116.481163 0.289639 -0.039734 0.956311 4.040135 0.000000 0.000000 0.000000 1.000000
0.972909 -0.042346 -0.227278 -5.450834 0.038136 0.999010 -0.022886 101.734612 0.228022 0.013598 0.973561 4.341560 0.000000 0.000000 0.000000 1.000000
0.975721 -0.097686 -0.196025 -5.291658 0.077295 0.991019 -0.109122 88.763313 0.204924 0.091321 0.974508 2.919960 0.000000 0.000000 0.000000 1.000000
0.954892 -0.193253 -0.225464 -3.877493 0.153079 0.970950 -0.183909 80.466705 0.254455 0.141100 0.956736 1.768814 0.000000 0.000000 0.000000 1.000000
0.932367 -0.270675 -0.239640 -2.267842 0.209984 0.945074 -0.250485 75.024330 0.294278 0.183223 0.937992 0.672658 0.000000 0.000000 0.000000 1.000000
0.911505 -0.311647 -0.268393 -0.708048 0.235570 0.930515 -0.280442 71.205360 0.337143 0.192399 0.921584 -0.229713 0.000000 0.000000 0.000000 1.000000
0.890480 -0.335638 -0.307233 0.557353 0.246172 0.923219 -0.295070 69.025604 0.382680 0.187122 0.904733 -0.830393 0.000000 0.000000 0.000000 1.000000
0.871642 -0.346665 -0.346502 1.392442 0.246913 0.921248 -0.300561 68.627937 0.423408 0.176425 0.888594 -1.149269 0.000000 0.000000 0.000000 1.000000
0.863028 -0.330679 -0.381883 1.776727 0.230932 0.930616 -0.283946 70.084969 0.449281 0.156864 0.879511 -1.323842 0.000000 0.000000 0.000000 1.000000
0.856641 -0.303388 -0.417280 1.772146 0.207134 0.943019 -0.260404 73.414909 0.472507 0.136640 0.870670 -1.457067 0.000000 0.000000 0.000000 1.000000
0.854025 -0.267124 -0.446414 1.399189 0.173165 0.955140 -0.240255 78.113319 0.490565 0.127880 0.861970 -1.526197 0.000000 0.000000 0.000000 1.000000
0.846594 -0.231099 -0.479449 1.044873 0.140460 0.965890 -0.217549 83.729645 0.513371 0.116833 0.850177 -1.645373 0.000000 0.000000 0.000000 1.000000
0.833565 -0.196411 -0.516325 0.794783 0.111924 0.975321 -0.190321 89.766312 0.540964 0.100856 0.834977 -1.825477 0.000000 0.000000 0.000000 1.000000
0.818483 -0.161493 -0.551368 0.629983 0.085835 0.983284 -0.160580 95.311943 0.568083 0.084105 0.818662 -1.990848 0.000000 0.000000 0.000000 1.000000
0.802130 -0.126075 -0.583689 0.583676 0.061393 0.989690 -0.129401 100.085091 0.593986 0.067962 0.801600 -2.110981 0.000000 0.000000 0.000000 1.000000
0.784884 -0.090806 -0.612953 0.621167 0.039872 0.994555 -0.096283 104.105728 0.618359 0.051132 0.784231 -2.209177 0.000000 0.000000 0.000000 1.000000
0.768682 -0.056160 -0.637161 0.701046 0.023502 0.997945 -0.059607 106.833496 0.639199 0.030844 0.768422 -2.305086 0.000000 0.000000 0.000000 1.000000
0.753353 -0.020606 -0.657294 0.840828 0.011453 0.999768 -0.018216 108.260452 0.657517 0.006195 0.753414 -2.401238 0.000000 0.000000 0.000000 1.000000
0.742144 0.006437 -0.670210 0.970986 0.004143 0.999891 0.014191 108.977234 0.670228 -0.013308 0.742036 -2.461950 0.000000 0.000000 0.000000 1.000000
0.736331 0.020982 -0.676296 1.058941 0.001175 0.999478 0.032289 109.312561 0.676620 -0.024570 0.735922 -2.475787 0.000000 0.000000 0.000000 1.000000
0.733341 0.029445 -0.679223 1.134232 0.000584 0.999034 0.043940 109.324394 0.679860 -0.032620 0.732616 -2.467256 0.000000 0.000000 0.000000 1.000000
0.731300 0.035875 -0.681112 1.205301 0.000775 0.998571 0.053428 109.228401 0.682055 -0.039600 0.730228 -2.451269 0.000000 0.000000 0.000000 1.000000</float_array><technique_common><accessor source="#Hips-Matrix-animation-output-transform-array" count="54" stride="16"><param type="float4x4"/></accessor></technique_common></source><source id="Hips-Interpolations"><Name_array id="Hips-Interpolations-array" count="54">
 LINEAR LINEAR LINEAR LINEAR LINEAR LINEAR LINEAR LINEAR LINEAR LINEAR LINEAR
LINEAR LINEAR LINEAR LINEAR LINEAR LINEAR LINEAR LINEAR LINEAR LINEAR LINEAR LINEAR
LINEAR LINEAR LINEAR LINEAR LINEAR LINEAR LINEAR LINEAR LINEAR LINEAR LINEAR LINEAR
LINEAR LINEAR LINEAR LINEAR LINEAR LINEAR LINEAR LINEAR LINEAR LINEAR LINEAR LINEAR
LINEAR LINEAR LINEAR LINEAR LINEAR LINEAR LINEAR</Name_array><technique_common><accessor source="#Hips-Interpolations-array" count="54"><param type="name"/></accessor></technique_common></source><sampler id="Hips-Matrix-animation-transform"><input semantic="INPUT" source="#Hips-Matrix-animation-input"/><input semantic="OUTPUT" source="#Hips-Matrix-animation-output-transform"/><input semantic="INTERPOLATION" source="#Hips-Interpolations"/></sampler><channel source="#Hips-Matrix-animation-transform" target="Hips/matrix"/></animation>
    <animation id="Spine-anim" name="Spine"><source id="Spine-Matrix-animation-input"><float_array id="Spine-Matrix-animation-input-array" count="54">

0.000000 0.033333 0.066667 0.100000 0.133333 0.166667 0.200000 0.233333 0.266667 0.300000 0.333333 0.366667 0.400000 0.433333 0.466667 0.500000
0.533333 0.566667 0.600000 0.633333 0.666667 0.700000 0.733333 0.766667 0.800000 0.833333 0.866667 0.900000 0.933333 0.966667 1.000000 1.033333
1.066667 1.100000 1.133333 1.166667 1.200000 1.233333 1.266667 1.300000 1.333333 1.366667 1.400000 1.433333 1.466667 1.500000 1.533333 1.566667
1.600000 1.633333 1.666667 1.700000 1.733333 1.766667</float_array><technique_common><accessor source="#Spine-Matrix-animation-input-array" count="54"><param name="TIME" type="float"/></accessor></technique_common></source><source id="Spine-Matrix-animation-output-transform"><float_array id="Spine-Matrix-animation-output-transform-array" count="864">

0.996415 0.018202 0.082614 0.000000 -0.009795 0.994833 -0.101048 13.214800 -0.084027 0.099877 0.991445 0.000000 0.000000 0.000000 0.000000 1.000000
0.996892 0.018161 0.076661 -0.000000 -0.010322 0.994788 -0.101445 13.214800 -0.078104 0.100338 0.991883 0.000000 0.000000 0.000000 0.000000 1.000000
0.997406 0.018755 0.069494 -0.000000 -0.011488 0.994559 -0.103536 13.214800 -0.071058 0.102469 0.992195 0.000000 0.000000 0.000000 0.000000 1.000000
0.997833 0.018083 0.063266 -0.000000 -0.011243 0.994211 -0.106852 13.214800 -0.064832 0.105909 0.992260 0.000000 0.000000 0.000000 0.000000 1.000000
0.998196 0.014998 0.058139 0.000000 -0.008431 0.993717 -0.111601 13.214800 -0.059448 0.110909 0.992051 0.000000 0.000000 0.000000 0.000000 1.000000
0.998615 0.009931 0.051658 0.000000 -0.003732 0.992917 -0.118755 13.214800 -0.052471 0.118397 0.991579 0.000000 0.000000 0.000000 0.000000 1.000000
0.999198 0.007023 0.039417 -0.000000 -0.001926 0.991785 -0.127898 13.214800 -0.039991 0.127719 0.991004 0.000000 0.000000 0.000000 0.000000 1.000000
0.999638 0.007911 0.025717 -0.000000 -0.004229 0.990110 -0.140230 13.214800 -0.026572 0.140070 0.989785 0.000000 0.000000 0.000000 0.000000 1.000000
0.999804 0.010587 0.016753 -0.000000 -0.007955 0.988654 -0.149998 13.214800 -0.018151 0.149836 0.988544 0.000000 0.000000 0.000000 0.000000 1.000000
0.999833 0.011948 0.013811 0.000000 -0.009653 0.987758 -0.155698 13.214800 -0.015502 0.155539 0.987708 0.000000 0.000000 0.000000 0.000000 1.000000
0.999866 0.009166 0.013577 0.000000 -0.006885 0.987184 -0.159439 13.214800 -0.014864 0.159324 0.987114 0.000000 0.000000 0.000000 0.000000 1.000000
0.999776 0.008593 0.019353 0.000000 -0.005556 0.988390 -0.151838 13.214800 -0.020433 0.151697 0.988216 0.000000 0.000000 0.000000 0.000000 1.000000
0.999756 0.006556 0.021092 0.000000 -0.003575 0.990371 -0.138392 13.214800 -0.021796 0.138283 0.990153 -0.000000 0.000000 0.000000 0.000000 1.000000
0.999721 0.005128 0.023057 0.000000 -0.002127 0.991729 -0.128335 13.214800 -0.023524 0.128250 0.991463 0.000000 0.000000 0.000000 0.000000 1.000000
0.999608 0.005977 0.027344 0.000000 -0.002655 0.992773 -0.119977 13.214800 -0.027864 0.119857 0.992400 0.000000 0.000000 0.000000 0.000000 1.000000
0.999445 0.009710 0.031862 0.000000 -0.006377 0.994652 -0.103081 13.214800 -0.032693 0.102821 0.994162 0.000000 0.000000 0.000000 0.000000 1.000000
0.999293 0.016785 0.033643 0.000000 -0.013733 0.995937 -0.088996 13.214800 -0.035001 0.088471 0.995464 -0.000000 0.000000 0.000000 0.000000 1.000000
0.998707 0.034121 0.037682 0.000000 -0.030564 0.995358 -0.091260 13.214800 -0.040621 0.089991 0.995114 0.000000 0.000000 0.000000 0.000000 1.000000
0.998033 0.050503 0.037145 0.000000 -0.046492 0.993707 -0.101904 13.214800 -0.042058 0.099977 0.994100 0.000000 0.000000 0.000000 0.000000 1.000000
0.997667 0.061978 0.028619 0.000000 -0.058283 0.991582 -0.115623 13.214800 -0.035544 0.113686 0.992881 0.000000 0.000000 0.000000 0.000000 1.000000
0.997216 0.073266 0.013843 0.000000 -0.070769 0.988494 -0.133684 13.214800 -0.023478 0.132332 0.990927 -0.000000 0.000000 0.000000 0.000000 1.000000
0.996846 0.079364 -0.000406 0.000000 -0.078403 0.983957 -0.160256 13.214800 -0.012319 0.159783 0.987075 0.000000 0.000000 0.000000 0.000000 1.000000
0.996288 0.085603 -0.009098 0.000000 -0.085726 0.976922 -0.195640 13.214800 -0.007859 0.195694 0.980634 0.000000 0.000000 0.000000 0.000000 1.000000
0.995920 0.089199 -0.013698 0.000000 -0.089959 0.969197 -0.229268 13.214800 -0.007174 0.229565 0.973267 0.000000 0.000000 0.000000 0.000000 1.000000
0.996021 0.087671 -0.016010 0.000000 -0.088879 0.963927 -0.250887 13.214800 -0.006563 0.251312 0.967884 0.000000 0.000000 0.000000 0.000000 1.000000
0.996581 0.080723 -0.017603 0.000000 -0.082544 0.963715 -0.253851 13.214800 -0.003527 0.254436 0.967083 0.000000 0.000000 0.000000 0.000000 1.000000
0.997035 0.074708 -0.018414 -0.000000 -0.076944 0.967162 -0.242233 13.214800 -0.000287 0.242932 0.970043 0.000000 0.000000 0.000000 0.000000 1.000000
0.997469 0.068244 -0.019959 -0.000000 -0.070967 0.972873 -0.220186 13.214800 0.004391 0.221045 0.975254 -0.000000 0.000000 0.000000 0.000000 1.000000
0.997947 0.060200 -0.021874 -0.000000 -0.063264 0.979795 -0.189735 13.214800 0.010010 0.190729 0.981592 -0.000000 0.000000 0.000000 0.000000 1.000000
0.998485 0.050814 -0.021088 -0.000000 -0.053486 0.986351 -0.155726 13.214800 0.012887 0.156618 0.987575 0.000000 0.000000 0.000000 0.000000 1.000000
0.999067 0.041065 -0.013394 -0.000000 -0.042424 0.991188 -0.125486 13.214800 0.008123 0.125937 0.992005 0.000000 0.000000 0.000000 0.000000 1.000000
0.999503 0.030928 -0.006142 0.000000 -0.031397 0.994136 -0.103476 13.214800 0.002905 0.103617 0.994613 0.000000 0.000000 0.000000 0.000000 1.000000
0.999889 0.014766 -0.002207 -0.000000 -0.014907 0.995603 -0.092481 13.214800 0.000831 0.092504 0.995712 0.000000 0.000000 0.000000 0.000000 1.000000
0.999996 0.001091 0.002460 -0.000000 -0.000854 0.995564 -0.094087 13.214800 -0.002552 0.094085 0.995561 0.000000 0.000000 0.000000 0.000000 1.000000
0.999952 -0.000824 0.009786 0.000000 0.001870 0.994218 -0.107361 13.214800 -0.009641 0.107375 0.994172 0.000000 0.000000 0.000000 0.000000 1.000000
0.999766 0.013118 0.017206 0.000000 -0.010790 0.991580 -0.129043 13.214800 -0.018754 0.128827 0.991490 -0.000000 0.000000 0.000000 0.000000 1.000000
0.999673 0.017152 0.018979 0.000000 -0.014065 0.988239 -0.152267 13.214800 -0.021368 0.151950 0.988157 -0.000000 0.000000 0.000000 0.000000 1.000000
0.999647 0.013750 0.022720 -0.000000 -0.009503 0.984081 -0.177464 13.214800 -0.024798 0.177186 0.983865 -0.000000 0.000000 0.000000 0.000000 1.000000
0.999637 0.006933 0.026034 0.000000 -0.001631 0.980121 -0.198392 13.214800 -0.026892 0.198278 0.979777 0.000000 0.000000 0.000000 0.000000 1.000000
0.999587 -0.000818 0.028709 0.000000 0.006932 0.976911 -0.213534 13.214800 -0.027871 0.213645 0.976514 0.000000 0.000000 0.000000 0.000000 1.000000
0.999401 -0.008467 0.033545 0.000000 0.015825 0.974095 -0.225585 13.214800 -0.030766 0.225981 0.973646 0.000000 0.000000 0.000000 0.000000 1.000000
0.999227 -0.012665 0.037221 0.000000 0.020849 0.973315 -0.228525 13.214800 -0.033334 0.229124 0.972826 0.000000 0.000000 0.000000 0.000000 1.000000
0.999002 -0.016529 0.041498 -0.000000 0.025332 0.974817 -0.221563 13.214800 -0.036791 0.222393 0.974263 0.000000 0.000000 0.000000 0.000000 1.000000
0.998807 -0.016854 0.045828 0.000000 0.026050 0.977749 -0.208155 13.214800 -0.041300 0.209101 0.977022 0.000000 0.000000 0.000000 0.000000 1.000000
0.998642 -0.014701 0.049973 0.000000 0.024084 0.980959 -0.192716 13.214800 -0.046189 0.193658 0.979981 0.000000 0.000000 0.000000 0.000000 1.000000
0.998433 -0.011935 0.054670 0.000000 0.021484 0.983873 -0.177573 13.214800 -0.051669 0.178469 0.982588 -0.000000 0.000000 0.000000 0.000000 1.000000
0.998117 -0.008994 0.060670 0.000000 0.018845 0.986310 -0.163822 13.214800 -0.058366 0.164657 0.984622 0.000000 0.000000 0.000000 0.000000 1.000000
0.997734 -0.005661 0.067047 -0.000000 0.015740 0.988442 -0.150779 13.214800 -0.065419 0.151493 0.986291 0.000000 0.000000 0.000000 0.000000 1.000000
0.997384 -0.001811 0.072259 0.000000 0.011787 0.990379 -0.137880 13.214800 -0.071314 0.138371 0.987810 0.000000 0.000000 0.000000 0.000000 1.000000
0.997054 0.002798 0.076655 -0.000000 0.006795 0.992183 -0.124605 13.214800 -0.076405 0.124759 0.989241 0.000000 0.000000 0.000000 0.000000 1.000000
0.996794 0.006849 0.079721 0.000000 0.002360 0.993380 -0.114852 13.214800 -0.079980 0.114672 0.990179 0.000000 0.000000 0.000000 0.000000 1.000000
0.996646 0.009860 0.081231 0.000000 -0.000870 0.993935 -0.109966 13.214800 -0.081823 0.109526 0.990610 -0.000000 0.000000 0.000000 0.000000 1.000000
0.996562 0.012496 0.081904 0.000000 -0.003645 0.994215 -0.107342 13.214800 -0.082771 0.106674 0.990843 -0.000000 0.000000 0.000000 0.000000 1.000000
0.996495 0.015010 0.082299 -0.000000 -0.006268 0.994402 -0.105473 13.214800 -0.083421 0.104587 0.991011 0.000000 0.000000 0.000000 0.000000 1.000000</float_array><technique_common><accessor source="#Spine-Matrix-animation-output-transform-array" count="54" stride="16"><param type="float4x4"/></accessor></technique_common></source><source id="Spine-Interpolations"><Name_array id="Spine-Interpolations-array" count="54">
 LINEAR LINEAR LINEAR LINEAR LINEAR LINEAR LINEAR LINEAR LINEAR LINEAR LINEAR
LINEAR LINEAR LINEAR LINEAR LINEAR LINEAR LINEAR LINEAR LINEAR LINEAR LINEAR LINEAR
LINEAR LINEAR LINEAR LINEAR LINEAR LINEAR LINEAR LINEAR LINEAR LINEAR LINEAR LINEAR
LINEAR LINEAR LINEAR LINEAR LINEAR LINEAR LINEAR LINEAR LINEAR LINEAR LINEAR LINEAR
LINEAR LINEAR LINEAR LINEAR LINEAR LINEAR LINEAR</Name_array><technique_common><accessor source="#Spine-Interpolations-array" count="54"><param type="name"/></accessor></technique_common></source><sampler id="Spine-Matrix-animation-transform"><input semantic="INPUT" source="#Spine-Matrix-animation-input"/><input semantic="OUTPUT" source="#Spine-Matrix-animation-output-transform"/><input semantic="INTERPOLATION" source="#Spine-Interpolations"/></sampler><channel source="#Spine-Matrix-animation-transform" target="Spine/matrix"/></animation>
    <animation id="Spine1-anim" name="Spine1"><source id="Spine1-Matrix-animation-input"><float_array id="Spine1-Matrix-animation-input-array" count="54">

0.000000 0.033333 0.066667 0.100000 0.133333 0.166667 0.200000 0.233333 0.266667 0.300000 0.333333 0.366667 0.400000 0.433333 0.466667 0.500000
0.533333 0.566667 0.600000 0.633333 0.666667 0.700000 0.733333 0.766667 0.800000 0.833333 0.866667 0.900000 0.933333 0.966667 1.000000 1.033333
1.066667 1.100000 1.133333 1.166667 1.200000 1.233333 1.266667 1.300000 1.333333 1.366667 1.400000 1.433333 1.466667 1.500000 1.533333 1.566667
1.600000 1.633333 1.666667 1.700000 1.733333 1.766667</float_array><technique_common><accessor source="#Spine1-Matrix-animation-input-array" count="54"><param name="TIME" type="float"/></accessor></technique_common></source><source id="Spine1-Matrix-animation-output-transform"><float_array id="Spine1-Matrix-animation-output-transform-array" count="864">

0.986175 0.053057 0.156981 -0.007800 -0.020419 0.979043 -0.202627 9.224200 -0.164442 0.196621 0.966592 0.000000 0.000000 0.000000 0.000000 1.000000
0.988073 0.052128 0.144897 -0.007800 -0.021826 0.978868 -0.203323 9.224200 -0.152434 0.197735 0.968331 -0.000000 0.000000 0.000000 0.000000 1.000000
0.990260 0.049792 0.130019 -0.007800 -0.021987 0.978071 -0.207108 9.224200 -0.137480 0.202232 0.969640 -0.000000 0.000000 0.000000 0.000000 1.000000
0.992147 0.045176 0.116638 -0.007800 -0.019404 0.976799 -0.213276 9.224200 -0.123567 0.209338 0.970005 -0.000000 0.000000 0.000000 0.000000 1.000000
0.993787 0.037948 0.104626 -0.007800 -0.013817 0.974870 -0.222347 9.224200 -0.110435 0.219520 0.969337 -0.000000 0.000000 0.000000 0.000000 1.000000
0.995678 0.028321 0.088454 -0.007800 -0.006654 0.971680 -0.236207 9.224200 -0.092638 0.234597 0.967668 -0.000000 0.000000 0.000000 0.000000 1.000000
0.997985 0.018797 0.060595 -0.007800 -0.002806 0.967241 -0.253846 9.224200 -0.063382 0.253165 0.965345 0.000000 0.000000 0.000000 0.000000 1.000000
0.999363 0.010923 0.033982 -0.007800 -0.001061 0.960696 -0.277601 9.224200 -0.035678 0.277388 0.960095 -0.000000 0.000000 0.000000 0.000000 1.000000
0.999816 0.007304 0.017744 -0.007800 -0.001716 0.955047 -0.296450 9.224200 -0.019112 0.296365 0.954883 0.000000 0.000000 0.000000 0.000000 1.000000
0.999917 0.005365 0.011709 -0.007800 -0.001506 0.951568 -0.307433 9.224200 -0.012791 0.307390 0.951498 0.000000 0.000000 0.000000 0.000000 1.000000
0.999956 -0.001746 0.009259 -0.007800 0.004570 0.949205 -0.314626 9.224200 -0.008240 0.314655 0.949170 0.000000 0.000000 0.000000 0.000000 1.000000
0.999803 -0.001648 0.019766 -0.007800 0.007501 0.953951 -0.299869 9.224200 -0.018362 0.299958 0.953776 -0.000000 0.000000 0.000000 0.000000 1.000000
0.999734 -0.002104 0.022978 -0.007800 0.008318 0.961738 -0.273845 9.224200 -0.021522 0.273963 0.961499 0.000000 0.000000 0.000000 0.000000 1.000000
0.999587 0.000781 0.028724 -0.007800 0.006553 0.967093 -0.254338 9.224200 -0.027978 0.254421 0.966689 0.000000 0.000000 0.000000 0.000000 1.000000
0.999080 0.010748 0.041522 -0.007800 -0.000550 0.971226 -0.238161 9.224200 -0.042887 0.237919 0.970338 0.000000 0.000000 0.000000 0.000000 1.000000
0.997989 0.028232 0.056758 -0.007800 -0.015995 0.978529 -0.205489 9.224200 -0.061341 0.204167 0.977012 0.000000 0.000000 0.000000 0.000000 1.000000
0.996991 0.040813 0.065906 -0.007800 -0.028507 0.983637 -0.177890 9.224200 -0.072088 0.175476 0.981841 0.000000 0.000000 0.000000 0.000000 1.000000
0.995977 0.055265 0.070534 -0.007800 -0.041628 0.982426 -0.181953 9.224200 -0.079350 0.178285 0.980774 0.000000 0.000000 0.000000 0.000000 1.000000
0.995328 0.067793 0.068742 -0.007800 -0.052631 0.977899 -0.202344 9.224200 -0.080941 0.197780 0.976899 0.000000 0.000000 0.000000 0.000000 1.000000
0.995138 0.079219 0.058514 -0.007800 -0.063843 0.971281 -0.229210 9.224200 -0.074991 0.224360 0.971617 0.000000 0.000000 0.000000 0.000000 1.000000
0.994781 0.094718 0.037925 -0.007800 -0.081395 0.960870 -0.264771 9.224200 -0.061520 0.260303 0.963565 0.000000 0.000000 0.000000 0.000000 1.000000
0.994172 0.107071 0.012567 -0.007800 -0.097623 0.943584 -0.316416 9.224200 -0.045737 0.313345 0.948537 0.000000 0.000000 0.000000 0.000000 1.000000
0.992819 0.119445 -0.006531 -0.007800 -0.112793 0.916546 -0.383694 9.224200 -0.039845 0.381675 0.923437 0.000000 0.000000 0.000000 0.000000 1.000000
0.991923 0.125296 -0.019724 -0.007800 -0.120886 0.886785 -0.446093 9.224200 -0.038403 0.444875 0.894769 0.000000 0.000000 0.000000 0.000000 1.000000
0.992239 0.121250 -0.027572 -0.007800 -0.119326 0.866126 -0.485372 9.224200 -0.034971 0.484895 0.873873 -0.000000 0.000000 0.000000 0.000000 1.000000
0.993603 0.108407 -0.031637 -0.007800 -0.109930 0.864340 -0.490746 9.224200 -0.025855 0.491085 0.870728 -0.000000 0.000000 0.000000 0.000000 1.000000
0.995327 0.091560 -0.030670 -0.007800 -0.095206 0.877530 -0.469976 9.224200 -0.016117 0.470700 0.882146 0.000000 0.000000 0.000000 0.000000 1.000000
0.996867 0.072585 -0.031425 -0.007800 -0.079041 0.899451 -0.429814 9.224200 -0.002933 0.430951 0.902371 -0.000000 0.000000 0.000000 0.000000 1.000000
0.997943 0.053673 -0.035062 -0.007800 -0.062894 0.925651 -0.373115 9.224200 0.012429 0.374553 0.927122 0.000000 0.000000 0.000000 0.000000 1.000000
0.998597 0.038367 -0.036499 -0.007800 -0.047772 0.950086 -0.308308 9.224200 0.022848 0.309619 0.950586 0.000000 0.000000 0.000000 0.000000 1.000000
0.999226 0.028712 -0.026904 -0.007800 -0.034523 0.967787 -0.249394 9.224200 0.018877 0.250130 0.968028 -0.000000 0.000000 0.000000 0.000000 1.000000
0.999644 0.021158 -0.016246 -0.007800 -0.024053 0.978256 -0.206000 9.224200 0.011535 0.206317 0.978417 -0.000000 0.000000 0.000000 0.000000 1.000000
0.999836 0.015671 -0.009105 -0.007800 -0.017080 0.982744 -0.184180 9.224200 0.006061 0.184305 0.982850 0.000000 0.000000 0.000000 0.000000 1.000000
0.999909 0.013251 -0.002584 -0.007800 -0.013500 0.982204 -0.187331 9.224200 0.000055 0.187349 0.982293 0.000000 0.000000 0.000000 0.000000 1.000000
0.999882 0.014165 0.005886 -0.007800 -0.012581 0.976835 -0.213623 9.224200 -0.008776 0.213524 0.976898 0.000000 0.000000 0.000000 0.000000 1.000000
0.999727 0.016755 0.016289 -0.007800 -0.012031 0.966636 -0.255871 9.224200 -0.020033 0.255605 0.966574 0.000000 0.000000 0.000000 0.000000 1.000000
0.999766 0.007144 0.020420 -0.007800 -0.000675 0.953749 -0.300604 9.224200 -0.021623 0.300520 0.953530 0.000000 0.000000 0.000000 0.000000 1.000000
0.999532 -0.008812 0.029287 -0.007800 0.018473 0.937123 -0.348510 9.224200 -0.024375 0.348888 0.936848 0.000000 0.000000 0.000000 0.000000 1.000000
0.998897 -0.026419 0.038823 -0.007800 0.039423 0.920971 -0.387631 9.224200 -0.025514 0.388734 0.920997 0.000000 0.000000 0.000000 0.000000 1.000000
0.997908 -0.042911 0.048355 -0.007800 0.059162 0.907697 -0.415435 9.224200 -0.026065 0.417426 0.908337 0.000000 0.000000 0.000000 0.000000 1.000000
0.996507 -0.055771 0.062164 -0.007800 0.077415 0.896109 -0.437031 9.224200 -0.031332 0.440316 0.897296 -0.000000 0.000000 0.000000 0.000000 1.000000
0.995520 -0.060420 0.072725 -0.007800 0.086475 0.892863 -0.441948 9.224200 -0.038231 0.446257 0.894088 0.000000 0.000000 0.000000 0.000000 1.000000
0.994597 -0.062502 0.082891 -0.007800 0.092208 0.898711 -0.428737 9.224200 -0.047698 0.434064 0.899619 0.000000 0.000000 0.000000 0.000000 1.000000
0.994264 -0.056430 0.090851 -0.007800 0.088575 0.910557 -0.403783 9.224200 -0.059940 0.409514 0.910333 0.000000 0.000000 0.000000 0.000000 1.000000
0.994182 -0.045236 0.097751 -0.007800 0.078905 0.923627 -0.375082 9.224200 -0.073318 0.380613 0.921823 0.000000 0.000000 0.000000 0.000000 1.000000
0.993850 -0.032758 0.105775 -0.007800 0.067741 0.935501 -0.346770 9.224200 -0.087593 0.351803 0.931967 0.000000 0.000000 0.000000 0.000000 1.000000
0.993028 -0.019390 0.116275 -0.007800 0.056041 0.945435 -0.320956 9.224200 -0.103707 0.325234 0.939929 0.000000 0.000000 0.000000 0.000000 1.000000
0.991804 -0.005578 0.127649 -0.007800 0.043524 0.954045 -0.296485 9.224200 -0.120129 0.299610 0.946469 0.000000 0.000000 0.000000 0.000000 1.000000
0.990513 0.007136 0.137232 -0.007800 0.030781 0.961752 -0.272186 9.224200 -0.133926 0.273828 0.952409 -0.000000 0.000000 0.000000 0.000000 1.000000
0.989160 0.019539 0.145535 -0.007800 0.017206 0.968857 -0.247023 9.224200 -0.145829 0.246850 0.958018 -0.000000 0.000000 0.000000 0.000000 1.000000
0.988020 0.029398 0.151501 -0.007800 0.006077 0.973517 -0.228535 9.224200 -0.154207 0.226718 0.961675 0.000000 0.000000 0.000000 0.000000 1.000000
0.987343 0.036115 0.154434 -0.007800 -0.001379 0.975648 -0.219340 9.224200 -0.158594 0.216351 0.963348 0.000000 0.000000 0.000000 0.000000 1.000000
0.986942 0.041455 0.155650 -0.007800 -0.007207 0.976712 -0.214434 9.224200 -0.160915 0.210512 0.964257 0.000000 0.000000 0.000000 0.000000 1.000000
0.986622 0.046345 0.156300 -0.007800 -0.012493 0.977415 -0.210958 9.224200 -0.162547 0.206183 0.964918 0.000000 0.000000 0.000000 0.000000 1.000000</float_array><technique_common><accessor source="#Spine1-Matrix-animation-output-transform-array" count="54" stride="16"><param type="float4x4"/></accessor></technique_common></source><source id="Spine1-Interpolations"><Name_array id="Spine1-Interpolations-array" count="54">
 LINEAR LINEAR LINEAR LINEAR LINEAR LINEAR LINEAR LINEAR LINEAR LINEAR LINEAR
LINEAR LINEAR LINEAR LINEAR LINEAR LINEAR LINEAR LINEAR LINEAR LINEAR LINEAR LINEAR
LINEAR LINEAR LINEAR LINEAR LINEAR LINEAR LINEAR LINEAR LINEAR LINEAR LINEAR LINEAR
LINEAR LINEAR LINEAR LINEAR LINEAR LINEAR LINEAR LINEAR LINEAR LINEAR LINEAR LINEAR
LINEAR LINEAR LINEAR LINEAR LINEAR LINEAR LINEAR</Name_array><technique_common><accessor source="#Spine1-Interpolations-array" count="54"><param type="name"/></accessor></technique_common></source><sampler id="Spine1-Matrix-animation-transform"><input semantic="INPUT" source="#Spine1-Matrix-animation-input"/><input semantic="OUTPUT" source="#Spine1-Matrix-animation-output-transform"/><input semantic="INTERPOLATION" source="#Spine1-Interpolations"/></sampler><channel source="#Spine1-Matrix-animation-transform" target="Spine1/matrix"/></animation>
    <animation id="Spine2-anim" name="Spine2"><source id="Spine2-Matrix-animation-input"><float_array id="Spine2-Matrix-animation-input-array" count="54">

0.000000 0.033333 0.066667 0.100000 0.133333 0.166667 0.200000 0.233333 0.266667 0.300000 0.333333 0.366667 0.400000 0.433333 0.466667 0.500000
0.533333 0.566667 0.600000 0.633333 0.666667 0.700000 0.733333 0.766667 0.800000 0.833333 0.866667 0.900000 0.933333 0.966667 1.000000 1.033333
1.066667 1.100000 1.133333 1.166667 1.200000 1.233333 1.266667 1.300000 1.333333 1.366667 1.400000 1.433333 1.466667 1.500000 1.533333 1.566667
1.600000 1.633333 1.666667 1.700000 1.733333 1.766667</float_array><technique_common><accessor source="#Spine2-Matrix-animation-input-array" count="54"><param name="TIME" type="float"/></accessor></technique_common></source><source id="Spine2-Matrix-animation-output-transform"><float_array id="Spine2-Matrix-animation-output-transform-array" count="864">

0.986175 0.053057 0.156981 -0.005300 -0.020419 0.979043 -0.202627 11.063000 -0.164442 0.196621 0.966592 0.000000 0.000000 0.000000 0.000000 1.000000
0.988073 0.052128 0.144897 -0.005300 -0.021826 0.978868 -0.203323 11.063000 -0.152434 0.197736 0.968331 0.000000 0.000000 0.000000 0.000000 1.000000
0.990260 0.049792 0.130019 -0.005300 -0.021987 0.978071 -0.207108 11.063000 -0.137480 0.202232 0.969640 0.000000 0.000000 0.000000 0.000000 1.000000
0.992147 0.045176 0.116638 -0.005300 -0.019404 0.976799 -0.213276 11.063000 -0.123567 0.209338 0.970005 -0.000000 0.000000 0.000000 0.000000 1.000000
0.993787 0.037948 0.104626 -0.005300 -0.013817 0.974870 -0.222347 11.063000 -0.110435 0.219520 0.969337 0.000000 0.000000 0.000000 0.000000 1.000000
0.995678 0.028321 0.088453 -0.005300 -0.006654 0.971680 -0.236207 11.063000 -0.092638 0.234598 0.967668 0.000000 0.000000 0.000000 0.000000 1.000000
0.997985 0.018797 0.060595 -0.005300 -0.002806 0.967241 -0.253846 11.063000 -0.063382 0.253164 0.965345 -0.000000 0.000000 0.000000 0.000000 1.000000
0.999363 0.010923 0.033982 -0.005300 -0.001061 0.960696 -0.277601 11.063000 -0.035679 0.277388 0.960095 0.000000 0.000000 0.000000 0.000000 1.000000
0.999816 0.007304 0.017745 -0.005300 -0.001716 0.955047 -0.296450 11.063000 -0.019112 0.296365 0.954884 0.000000 0.000000 0.000000 0.000000 1.000000
0.999917 0.005365 0.011709 -0.005300 -0.001506 0.951569 -0.307433 11.063000 -0.012791 0.307390 0.951498 0.000000 0.000000 0.000000 0.000000 1.000000
0.999956 -0.001746 0.009259 -0.005300 0.004571 0.949205 -0.314627 11.063000 -0.008240 0.314655 0.949170 0.000000 0.000000 0.000000 0.000000 1.000000
0.999803 -0.001648 0.019766 -0.005300 0.007501 0.953951 -0.299869 11.063000 -0.018362 0.299958 0.953776 0.000000 0.000000 0.000000 0.000000 1.000000
0.999734 -0.002104 0.022978 -0.005300 0.008318 0.961738 -0.273845 11.063000 -0.021522 0.273963 0.961499 0.000000 0.000000 0.000000 0.000000 1.000000
0.999587 0.000781 0.028724 -0.005300 0.006553 0.967093 -0.254338 11.063000 -0.027978 0.254421 0.966689 0.000000 0.000000 0.000000 0.000000 1.000000
0.999080 0.010748 0.041523 -0.005300 -0.000550 0.971226 -0.238161 11.063000 -0.042887 0.237919 0.970338 0.000000 0.000000 0.000000 0.000000 1.000000
0.997989 0.028232 0.056758 -0.005300 -0.015995 0.978529 -0.205489 11.063000 -0.061341 0.204167 0.977012 -0.000000 0.000000 0.000000 0.000000 1.000000
0.996991 0.040813 0.065906 -0.005300 -0.028507 0.983637 -0.177890 11.063000 -0.072088 0.175476 0.981841 0.000000 0.000000 0.000000 0.000000 1.000000
0.995977 0.055265 0.070534 -0.005300 -0.041628 0.982426 -0.181953 11.063000 -0.079350 0.178285 0.980774 -0.000000 0.000000 0.000000 0.000000 1.000000
0.995328 0.067793 0.068742 -0.005300 -0.052631 0.977899 -0.202344 11.063000 -0.080941 0.197780 0.976899 0.000000 0.000000 0.000000 0.000000 1.000000
0.995138 0.079219 0.058514 -0.005300 -0.063843 0.971281 -0.229210 11.063000 -0.074991 0.224360 0.971617 0.000000 0.000000 0.000000 0.000000 1.000000
0.994781 0.094718 0.037925 -0.005300 -0.081395 0.960870 -0.264771 11.063000 -0.061520 0.260303 0.963565 0.000000 0.000000 0.000000 0.000000 1.000000
0.994172 0.107071 0.012567 -0.005300 -0.097623 0.943584 -0.316416 11.063000 -0.045737 0.313345 0.948537 0.000000 0.000000 0.000000 0.000000 1.000000
0.992819 0.119445 -0.006531 -0.005300 -0.112793 0.916546 -0.383694 11.063000 -0.039845 0.381675 0.923437 -0.000000 0.000000 0.000000 0.000000 1.000000
0.991923 0.125296 -0.019724 -0.005300 -0.120886 0.886785 -0.446093 11.063000 -0.038402 0.444875 0.894769 0.000000 0.000000 0.000000 0.000000 1.000000
0.992239 0.121250 -0.027572 -0.005300 -0.119326 0.866126 -0.485373 11.063000 -0.034971 0.484896 0.873873 0.000000 0.000000 0.000000 0.000000 1.000000
0.993603 0.108407 -0.031637 -0.005300 -0.109930 0.864340 -0.490747 11.063000 -0.025855 0.491085 0.870728 -0.000000 0.000000 0.000000 0.000000 1.000000
0.995327 0.091560 -0.030670 -0.005300 -0.095206 0.877530 -0.469976 11.063000 -0.016117 0.470700 0.882146 0.000000 0.000000 0.000000 0.000000 1.000000
0.996867 0.072585 -0.031425 -0.005300 -0.079041 0.899451 -0.429814 11.063000 -0.002933 0.430951 0.902371 0.000000 0.000000 0.000000 0.000000 1.000000
0.997943 0.053673 -0.035062 -0.005300 -0.062894 0.925651 -0.373115 11.063000 0.012429 0.374553 0.927122 0.000000 0.000000 0.000000 0.000000 1.000000
0.998597 0.038367 -0.036499 -0.005300 -0.047772 0.950086 -0.308308 11.063000 0.022848 0.309619 0.950586 0.000000 0.000000 0.000000 0.000000 1.000000
0.999226 0.028712 -0.026904 -0.005300 -0.034523 0.967787 -0.249394 11.063000 0.018877 0.250130 0.968028 -0.000000 0.000000 0.000000 0.000000 1.000000
0.999644 0.021158 -0.016246 -0.005300 -0.024053 0.978256 -0.206000 11.063000 0.011535 0.206317 0.978417 0.000000 0.000000 0.000000 0.000000 1.000000
0.999836 0.015671 -0.009105 -0.005300 -0.017080 0.982744 -0.184180 11.063000 0.006061 0.184305 0.982850 0.000000 0.000000 0.000000 0.000000 1.000000
0.999909 0.013251 -0.002584 -0.005300 -0.013500 0.982204 -0.187331 11.063000 0.000055 0.187349 0.982293 -0.000000 0.000000 0.000000 0.000000 1.000000
0.999882 0.014165 0.005886 -0.005300 -0.012581 0.976835 -0.213623 11.063000 -0.008776 0.213524 0.976898 0.000000 0.000000 0.000000 0.000000 1.000000
0.999727 0.016755 0.016289 -0.005300 -0.012031 0.966636 -0.255871 11.063000 -0.020033 0.255605 0.966574 0.000000 0.000000 0.000000 0.000000 1.000000
0.999766 0.007144 0.020420 -0.005300 -0.000675 0.953749 -0.300604 11.063000 -0.021623 0.300520 0.953530 0.000000 0.000000 0.000000 0.000000 1.000000
0.999532 -0.008812 0.029287 -0.005300 0.018473 0.937123 -0.348510 11.063000 -0.024375 0.348888 0.936848 0.000000 0.000000 0.000000 0.000000 1.000000
0.998897 -0.026419 0.038823 -0.005300 0.039423 0.920971 -0.387631 11.063000 -0.025514 0.388734 0.920997 -0.000000 0.000000 0.000000 0.000000 1.000000
0.997908 -0.042911 0.048355 -0.005300 0.059162 0.907697 -0.415435 11.063000 -0.026065 0.417426 0.908337 0.000000 0.000000 0.000000 0.000000 1.000000
0.996507 -0.055771 0.062164 -0.005300 0.077415 0.896109 -0.437031 11.063000 -0.031332 0.440316 0.897296 0.000000 0.000000 0.000000 0.000000 1.000000
0.995520 -0.060420 0.072725 -0.005300 0.086475 0.892863 -0.441947 11.063000 -0.038231 0.446256 0.894088 0.000000 0.000000 0.000000 0.000000 1.000000
0.994597 -0.062502 0.082891 -0.005300 0.092208 0.898711 -0.428737 11.063000 -0.047698 0.434064 0.899619 0.000000 0.000000 0.000000 0.000000 1.000000
0.994264 -0.056430 0.090851 -0.005300 0.088575 0.910557 -0.403783 11.063000 -0.059940 0.409514 0.910333 -0.000000 0.000000 0.000000 0.000000 1.000000
0.994182 -0.045237 0.097751 -0.005300 0.078905 0.923627 -0.375082 11.063000 -0.073318 0.380613 0.921823 0.000000 0.000000 0.000000 0.000000 1.000000
0.993850 -0.032758 0.105775 -0.005300 0.067741 0.935501 -0.346770 11.063000 -0.087593 0.351803 0.931967 0.000000 0.000000 0.000000 0.000000 1.000000
0.993028 -0.019390 0.116275 -0.005300 0.056041 0.945435 -0.320956 11.063000 -0.103707 0.325235 0.939929 0.000000 0.000000 0.000000 0.000000 1.000000
0.991804 -0.005578 0.127649 -0.005300 0.043524 0.954045 -0.296485 11.063000 -0.120129 0.299610 0.946469 0.000000 0.000000 0.000000 0.000000 1.000000
0.990513 0.007136 0.137232 -0.005300 0.030781 0.961752 -0.272186 11.063000 -0.133926 0.273828 0.952409 0.000000 0.000000 0.000000 0.000000 1.000000
0.989160 0.019539 0.145535 -0.005300 0.017206 0.968857 -0.247023 11.063000 -0.145829 0.246850 0.958018 0.000000 0.000000 0.000000 0.000000 1.000000
0.988020 0.029398 0.151501 -0.005300 0.006077 0.973517 -0.228536 11.063000 -0.154207 0.226718 0.961675 -0.000000 0.000000 0.000000 0.000000 1.000000
0.987343 0.036115 0.154434 -0.005300 -0.001379 0.975648 -0.219340 11.063000 -0.158595 0.216351 0.963348 0.000000 0.000000 0.000000 0.000000 1.000000
0.986942 0.041455 0.155650 -0.005300 -0.007207 0.976712 -0.214434 11.063000 -0.160915 0.210512 0.964257 0.000000 0.000000 0.000000 0.000000 1.000000
