<?xml version="1.0" encoding="utf-8"?>
<COLLADA xmlns="http://www.collada.org/2005/11/COLLADASchema" version="1.4.1">
  <asset><contributor><author>Mixamo</author><authoring_tool>COLLADA Mixamo exporter</authoring_tool><comments></comments></contributor><created>2018-06-15T20:29:02Z</created><modified>2018-06-15T20:29:02Z</modified><revision></revision><title></title><unit meter="0.010000"/><up_axis>Y_UP</up_axis></asset>
  <library_animations>
    <animation id="Hips-anim" name="Hips"><source id="Hips-Matrix-animation-input"><float_array id="Hips-Matrix-animation-input-array" count="26">

0.000000 0.033333 0.066667 0.100000 0.133333 0.166667 0.200000 0.233333 0.266667 0.300000 0.333333 0.366667 0.400000 0.433333 0.466667 0.500000
0.533333 0.566667 0.600000 0.633333 0.666667 0.700000 0.733333 0.766667 0.800000 0.833333</float_array><technique_common><accessor source="#Hips-Matrix-animation-input-array" count="26"><param name="TIME" type="float"/></accessor></technique_common></source><source id="Hips-Matrix-animation-output-transform"><float_array id="Hips-Matrix-animation-output-transform-array" count="416">

0.875189 -0.034493 -0.482549 1.408142 -0.033597 0.990713 -0.131751 102.263252 0.482612 0.131519 0.865903 -2.696754 0.000000 0.000000 0.000000 1.000000
0.894075 -0.030048 -0.446909 1.281873 -0.035959 0.989712 -0.138481 101.969589 0.446472 0.139883 0.883796 -2.885619 0.000000 0.000000 0.000000 1.000000
0.914585 -0.024422 -0.403655 1.117004 -0.037785 0.988647 -0.145426 101.691063 0.402624 0.148256 0.903280 -3.026443 0.000000 0.000000 0.000000 1.000000
0.956703 -0.012144 -0.290812 0.574039 -0.033800 0.987734 -0.152441 101.559036 0.289097 0.155670 0.944558 -2.714476 0.000000 0.000000 0.000000 1.000000
0.996792 0.008232 -0.079611 -0.404149 -0.020548 0.987677 -0.155149 101.609268 0.077353 0.156287 0.984678 -1.778752 0.000000 0.000000 0.000000 1.000000
0.991614 0.026866 0.126415 -1.184982 -0.007375 0.988324 -0.152190 101.600426 -0.129028 0.149981 0.980233 -0.828686 0.000000 0.000000 0.000000 1.000000
0.955399 0.036235 0.293088 -1.583127 0.006605 0.989574 -0.143875 101.279755 -0.295245 0.139394 0.945198 -0.180201 0.000000 0.000000 0.000000 1.000000
0.919303 0.034522 0.392033 -1.717998 0.019304 0.990990 -0.132534 100.882812 -0.393077 0.129407 0.910354 0.059971 0.000000 0.000000 0.000000 1.000000
0.901485 0.025622 0.432051 -1.714902 0.029813 0.992199 -0.121045 100.634827 -0.431782 0.122001 0.893689 0.019573 0.000000 0.000000 0.000000 1.000000
0.900325 0.014853 0.434964 -1.679779 0.037466 0.993062 -0.111462 100.598053 -0.433602 0.116648 0.893523 -0.112889 0.000000 0.000000 0.000000 1.000000
0.903562 0.007665 0.428388 -1.680758 0.041112 0.993675 -0.104493 100.666672 -0.426480 0.112028 0.897532 -0.142638 0.000000 0.000000 0.000000 1.000000
0.903460 0.007342 0.428610 -1.730943 0.039559 0.994159 -0.100414 100.732811 -0.426844 0.107675 0.897892 0.056907 0.000000 0.000000 0.000000 1.000000
0.906052 0.012605 0.422979 -1.695934 0.033102 0.994382 -0.100541 100.838722 -0.421870 0.105097 0.900544 0.416797 0.000000 0.000000 0.000000 1.000000
0.916305 0.019359 0.400013 -1.458922 0.024321 0.994297 -0.103832 100.991478 -0.399742 0.104871 0.910609 0.766370 0.000000 0.000000 0.000000 1.000000
0.937910 0.022502 0.346148 -0.942596 0.016379 0.993908 -0.108991 101.235367 -0.346492 0.107893 0.931828 0.936111 0.000000 0.000000 0.000000 1.000000
0.963685 0.019942 0.266296 -0.205337 0.011023 0.993387 -0.114282 101.566986 -0.266814 0.113067 0.957093 0.924376 0.000000 0.000000 0.000000 1.000000
0.984025 0.016087 0.177300 0.499253 0.005249 0.992854 -0.119216 101.935989 -0.177951 0.118243 0.976910 0.871490 0.000000 0.000000 0.000000 1.000000
0.996319 0.013870 0.084599 0.979764 -0.003299 0.992297 -0.123837 102.367096 -0.085665 0.123102 0.988690 0.841608 0.000000 0.000000 0.000000 1.000000
0.999851 0.011884 -0.012532 1.309106 -0.013382 0.991783 -0.127229 102.842361 0.010917 0.127378 0.991794 0.808582 0.000000 0.000000 0.000000 1.000000
0.994517 0.006894 -0.104350 1.526087 -0.020207 0.991688 -0.127067 103.171768 0.102607 0.128479 0.986390 0.715715 0.000000 0.000000 0.000000 1.000000
0.983202 -0.003725 -0.182484 1.464011 -0.018922 0.992324 -0.122206 103.125404 0.181538 0.123606 0.975585 0.450176 0.000000 0.000000 0.000000 1.000000
0.964351 -0.014731 -0.264217 1.409505 -0.016614 0.993110 -0.116006 103.035408 0.264105 0.116261 0.957461 -0.019525 0.000000 0.000000 0.000000 1.000000
0.945344 -0.019952 -0.325464 1.397807 -0.019882 0.992742 -0.118607 102.860870 0.325468 0.118596 0.938086 -0.654041 0.000000 0.000000 0.000000 1.000000
0.924610 -0.024332 -0.380137 1.399012 -0.024517 0.992087 -0.123134 102.665771 0.380125 0.123170 0.916697 -1.327048 0.000000 0.000000 0.000000 1.000000
0.901500 -0.029010 -0.431805 1.404250 -0.029336 0.991360 -0.127849 102.463295 0.431783 0.127923 0.892860 -2.014267 0.000000 0.000000 0.000000 1.000000
0.875189 -0.034493 -0.482549 1.408144 -0.033597 0.990713 -0.131751 102.263268 0.482612 0.131519 0.865903 -2.696749 0.000000 0.000000 0.000000 1.000000</float_array><technique_common><accessor source="#Hips-Matrix-animation-output-transform-array" count="26" stride="16"><param type="float4x4"/></accessor></technique_common></source><source id="Hips-Interpolations"><Name_array id="Hips-Interpolations-array" count="26">
 LINEAR LINEAR LINEAR LINEAR LINEAR LINEAR LINEAR LINEAR LINEAR LINEAR LINEAR
LINEAR LINEAR LINEAR LINEAR LINEAR LINEAR LINEAR LINEAR LINEAR LINEAR LINEAR LINEAR
LINEAR LINEAR LINEAR</Name_array><technique_common><accessor source="#Hips-Interpolations-array" count="26"><param type="name"/></accessor></technique_common></source><sampler id="Hips-Matrix-animation-transform"><input semantic="INPUT" source="#Hips-Matrix-animation-input"/><input semantic="OUTPUT" source="#Hips-Matrix-animation-output-transform"/><input semantic="INTERPOLATION" source="#Hips-Interpolations"/></sampler><channel source="#Hips-Matrix-animation-transform" target="Hips/matrix"/></animation>
    <animation id="Spine-anim" name="Spine"><source id="Spine-Matrix-animation-input"><float_array id="Spine-Matrix-animation-input-array" count="26">

0.000000 0.033333 0.066667 0.100000 0.133333 0.166667 0.200000 0.233333 0.266667 0.300000 0.333333 0.366667 0.400000 0.433333 0.466667 0.500000
0.533333 0.566667 0.600000 0.633333 0.666667 0.700000 0.733333 0.766667 0.800000 0.833333</float_array><technique_common><accessor source="#Spine-Matrix-animation-input-array" count="26"><param name="TIME" type="float"/></accessor></technique_common></source><source id="Spine-Matrix-animation-output-transform"><float_array id="Spine-Matrix-animation-output-transform-array" count="416">

0.999961 0.004522 -0.007544 -0.000000 -0.004731 0.999596 -0.028041 13.214800 0.007414 0.028075 0.999578 -0.000000 0.000000 0.000000 0.000000 1.000000
0.999930 0.000347 -0.011858 0.000000 -0.000694 0.999569 -0.029341 13.214800 0.011843 0.029347 0.999499 0.000000 0.000000 0.000000 0.000000 1.000000
0.999864 -0.004551 -0.015863 -0.000000 0.004065 0.999527 -0.030492 13.214800 0.015994 0.030424 0.999409 -0.000000 0.000000 0.000000 0.000000 1.000000
0.999717 -0.016297 -0.017345 0.000000 0.015772 0.999426 -0.029985 13.214800 0.017824 0.029702 0.999400 0.000000 0.000000 0.000000 0.000000 1.000000
0.999231 -0.036693 -0.013793 0.000000 0.036314 0.998981 -0.026803 13.214800 0.014762 0.026281 0.999546 0.000000 0.000000 0.000000 0.000000 1.000000
0.998460 -0.055154 -0.006004 -0.000000 0.055005 0.998230 -0.022627 13.214800 0.007241 0.022262 0.999726 0.000000 0.000000 0.000000 0.000000 1.000000
0.997874 -0.064990 0.004870 0.000000 0.065071 0.997701 -0.018920 13.214800 -0.003629 0.019197 0.999809 -0.000000 0.000000 0.000000 0.000000 1.000000
0.997597 -0.067251 0.016669 0.000000 0.067530 0.997577 -0.016741 13.214800 -0.015502 0.017827 0.999721 0.000000 0.000000 0.000000 0.000000 1.000000
0.997469 -0.065665 0.027259 0.000000 0.066122 0.997680 -0.016227 13.214800 -0.026130 0.017988 0.999497 0.000000 0.000000 0.000000 0.000000 1.000000
0.997390 -0.063090 0.035099 0.000000 0.063719 0.997821 -0.017120 13.214800 -0.033943 0.019312 0.999237 0.000000 0.000000 0.000000 0.000000 1.000000
0.997376 -0.060714 0.039426 -0.000000 0.061496 0.997928 -0.018942 13.214800 -0.038194 0.021316 0.999043 0.000000 0.000000 0.000000 0.000000 1.000000
0.997509 -0.058013 0.040139 -0.000000 0.058881 0.998048 -0.020804 13.214800 -0.038854 0.023116 0.998977 0.000000 0.000000 0.000000 0.000000 1.000000
0.997777 -0.055264 0.037237 -0.000000 0.056097 0.998189 -0.021704 13.214800 -0.035970 0.023745 0.999071 0.000000 0.000000 0.000000 0.000000 1.000000
0.998087 -0.052713 0.032320 -0.000000 0.053433 0.998333 -0.021832 13.214800 -0.031116 0.023517 0.999239 0.000000 0.000000 0.000000 0.000000 1.000000
0.998393 -0.049468 0.027636 -0.000000 0.050088 0.998498 -0.022197 13.214800 -0.026496 0.023545 0.999372 0.000000 0.000000 0.000000 0.000000 1.000000
0.998707 -0.044534 0.024527 0.000000 0.045116 0.998700 -0.023719 13.214800 -0.023439 0.024795 0.999418 0.000000 0.000000 0.000000 0.000000 1.000000
0.998977 -0.039695 0.021644 0.000000 0.040236 0.998874 -0.025142 13.214800 -0.020622 0.025987 0.999450 -0.000000 0.000000 0.000000 0.000000 1.000000
0.999165 -0.036444 0.018466 0.000000 0.036912 0.998989 -0.025671 13.214800 -0.017512 0.026331 0.999500 -0.000000 0.000000 0.000000 0.000000 1.000000
0.999303 -0.034097 0.015201 0.000000 0.034479 0.999077 -0.025627 13.214800 -0.014313 0.026134 0.999556 0.000000 0.000000 0.000000 0.000000 1.000000
0.999482 -0.029872 0.011956 0.000000 0.030168 0.999223 -0.025362 13.214800 -0.011189 0.025710 0.999607 -0.000000 0.000000 0.000000 0.000000 1.000000
0.999742 -0.020888 0.008895 -0.000000 0.021101 0.999474 -0.024626 13.214800 -0.008376 0.024807 0.999657 0.000000 0.000000 0.000000 0.000000 1.000000
0.999906 -0.011547 0.007368 0.000000 0.011725 0.999629 -0.024566 13.214800 -0.007082 0.024650 0.999671 0.000000 0.000000 0.000000 0.000000 1.000000
0.999971 -0.006450 0.004115 0.000000 0.006552 0.999659 -0.025294 13.214800 -0.003951 0.025320 0.999672 0.000000 0.000000 0.000000 0.000000 1.000000
0.999997 -0.002568 0.000326 -0.000000 0.002575 0.999653 -0.026198 13.214800 -0.000259 0.026199 0.999657 -0.000000 0.000000 0.000000 0.000000 1.000000
0.999993 0.000915 -0.003633 0.000000 -0.001013 0.999631 -0.027146 13.214800 0.003606 0.027149 0.999625 0.000000 0.000000 0.000000 0.000000 1.000000
0.999961 0.004521 -0.007544 0.000000 -0.004731 0.999596 -0.028041 13.214800 0.007414 0.028075 0.999578 0.000000 0.000000 0.000000 0.000000 1.000000</float_array><technique_common><accessor source="#Spine-Matrix-animation-output-transform-array" count="26" stride="16"><param type="float4x4"/></accessor></technique_common></source><source id="Spine-Interpolations"><Name_array id="Spine-Interpolations-array" count="26">
 LINEAR LINEAR LINEAR LINEAR LINEAR LINEAR LINEAR LINEAR LINEAR LINEAR LINEAR
LINEAR LINEAR LINEAR LINEAR LINEAR LINEAR LINEAR LINEAR LINEAR LINEAR LINEAR LINEAR
LINEAR LINEAR LINEAR</Name_array><technique_common><accessor source="#Spine-Interpolations-array" count="26"><param type="name"/></accessor></technique_common></source><sampler id="Spine-Matrix-animation-transform"><input semantic="INPUT" source="#Spine-Matrix-animation-input"/><input semantic="OUTPUT" source="#Spine-Matrix-animation-output-transform"/><input semantic="INTERPOLATION" source="#Spine-Interpolations"/></sampler><channel source="#Spine-Matrix-animation-transform" target="Spine/matrix"/></animation>
    <animation id="Spine1-anim" name="Spine1"><source id="Spine1-Matrix-animation-input"><float_array id="Spine1-Matrix-animation-input-array" count="26">

0.000000 0.033333 0.066667 0.100000 0.133333 0.166667 0.200000 0.233333 0.266667 0.300000 0.333333 0.366667 0.400000 0.433333 0.466667 0.500000
0.533333 0.566667 0.600000 0.633333 0.666667 0.700000 0.733333 0.766667 0.800000 0.833333</float_array><technique_common><accessor source="#Spine1-Matrix-animation-input-array" count="26"><param name="TIME" type="float"/></accessor></technique_common></source><source id="Spine1-Matrix-animation-output-transform"><float_array id="Spine1-Matrix-animation-output-transform-array" count="416">

0.999900 -0.011643 -0.007976 -0.007800 0.011198 0.998493 -0.053728 9.224200 0.008590 0.053633 0.998524 -0.000000 0.000000 0.000000 0.000000 1.000000
0.999746 -0.015248 -0.016576 -0.007800 0.014301 0.998338 -0.055836 9.224200 0.017400 0.055585 0.998302 0.000000 0.000000 0.000000 0.000000 1.000000
0.999516 -0.019059 -0.024607 -0.007800 0.017613 0.998178 -0.057702 9.224200 0.025662 0.057241 0.998031 -0.000000 0.000000 0.000000 0.000000 1.000000
0.999311 -0.024434 -0.027952 -0.007800 0.022814 0.998121 -0.056864 9.224200 0.029289 0.056188 0.997991 0.000000 0.000000 0.000000 0.000000 1.000000
0.999237 -0.032365 -0.021870 -0.007800 0.031195 0.998165 -0.051900 9.224200 0.023509 0.051178 0.998413 -0.000000 0.000000 0.000000 0.000000 1.000000
0.999114 -0.041361 -0.007717 -0.007800 0.040964 0.998104 -0.045948 9.224200 0.009603 0.045591 0.998914 0.000000 0.000000 0.000000 0.000000 1.000000
0.998698 -0.049172 0.013549 -0.007800 0.049698 0.997896 -0.041647 9.224200 -0.011473 0.042267 0.999040 0.000000 0.000000 0.000000 0.000000 1.000000
0.997861 -0.053487 0.037581 -0.007800 0.054968 0.997705 -0.039538 9.224200 -0.035380 0.041519 0.998511 0.000000 0.000000 0.000000 0.000000 1.000000
0.996693 -0.054741 0.060050 -0.007800 0.057166 0.997585 -0.039438 9.224200 -0.057746 0.042741 0.997416 0.000000 0.000000 0.000000 0.000000 1.000000
0.995542 -0.053920 0.077387 -0.007800 0.057228 0.997512 -0.041179 9.224200 -0.074974 0.045424 0.996150 -0.000000 0.000000 0.000000 0.000000 1.000000
0.994831 -0.051962 0.087244 -0.007800 0.056005 0.997436 -0.044542 9.224200 -0.084706 0.049198 0.995191 0.000000 0.000000 0.000000 0.000000 1.000000
0.994823 -0.048475 0.089318 -0.007800 0.052930 0.997434 -0.048196 9.224200 -0.086753 0.052674 0.994836 -0.000000 0.000000 0.000000 0.000000 1.000000
0.995495 -0.043695 0.084141 -0.007800 0.048016 0.997592 -0.050038 9.224200 -0.081752 0.053853 0.995197 0.000000 0.000000 0.000000 0.000000 1.000000
0.996453 -0.038812 0.074666 -0.007800 0.042626 0.997830 -0.050187 9.224200 -0.072556 0.053191 0.995945 0.000000 0.000000 0.000000 0.000000 1.000000
0.997289 -0.034483 0.065009 -0.007800 0.037778 0.998027 -0.050155 9.224200 -0.063152 0.052475 0.996623 0.000000 0.000000 0.000000 0.000000 1.000000
0.997846 -0.030567 0.058040 -0.007800 0.033579 0.998101 -0.051647 9.224200 -0.056351 0.053484 0.996977 0.000000 0.000000 0.000000 0.000000 1.000000
0.998333 -0.026618 0.051211 -0.007800 0.029326 0.998171 -0.052870 9.224200 -0.049710 0.054283 0.997287 -0.000000 0.000000 0.000000 0.000000 1.000000
0.998821 -0.022212 0.043176 -0.007800 0.024473 0.998317 -0.052569 9.224200 -0.041936 0.053564 0.997683 -0.000000 0.000000 0.000000 0.000000 1.000000
0.999251 -0.017494 0.034505 -0.007800 0.019250 0.998502 -0.051219 9.224200 -0.033557 0.051845 0.998091 0.000000 0.000000 0.000000 0.000000 1.000000
0.999569 -0.012935 0.026370 -0.007800 0.014230 0.998671 -0.049527 9.224200 -0.025694 0.049881 0.998425 0.000000 0.000000 0.000000 0.000000 1.000000
0.999761 -0.008990 0.019906 -0.007800 0.009923 0.998831 -0.047315 9.224200 -0.019457 0.047501 0.998682 0.000000 0.000000 0.000000 0.000000 1.000000
0.999833 -0.006305 0.017135 -0.007800 0.007097 0.998893 -0.046510 9.224200 -0.016823 0.046624 0.998771 -0.000000 0.000000 0.000000 0.000000 1.000000
0.999909 -0.006844 0.011624 -0.007800 0.007393 0.998829 -0.047807 9.224200 -0.011284 0.047889 0.998789 -0.000000 0.000000 0.000000 0.000000 1.000000
0.999952 -0.008257 0.005231 -0.007800 0.008506 0.998730 -0.049658 9.224200 -0.004815 0.049700 0.998753 0.000000 0.000000 0.000000 0.000000 1.000000
0.999949 -0.009986 -0.001420 -0.007800 0.009899 0.998613 -0.051716 9.224200 0.001934 0.051700 0.998661 0.000000 0.000000 0.000000 0.000000 1.000000
0.999900 -0.011643 -0.007976 -0.007800 0.011198 0.998493 -0.053728 9.224200 0.008590 0.053633 0.998524 0.000000 0.000000 0.000000 0.000000 1.000000</float_array><technique_common><accessor source="#Spine1-Matrix-animation-output-transform-array" count="26" stride="16"><param type="float4x4"/></accessor></technique_common></source><source id="Spine1-Interpolations"><Name_array id="Spine1-Interpolations-array" count="26">
 LINEAR LINEAR LINEAR LINEAR LINEAR LINEAR LINEAR LINEAR LINEAR LINEAR LINEAR
LINEAR LINEAR LINEAR LINEAR LINEAR LINEAR LINEAR LINEAR LINEAR LINEAR LINEAR LINEAR
LINEAR LINEAR LINEAR</Name_array><technique_common><accessor source="#Spine1-Interpolations-array" count="26"><param type="name"/></accessor></technique_common></source><sampler id="Spine1-Matrix-animation-transform"><input semantic="INPUT" source="#Spine1-Matrix-animation-input"/><input semantic="OUTPUT" source="#Spine1-Matrix-animation-output-transform"/><input semantic="INTERPOLATION" source="#Spine1-Interpolations"/></sampler><channel source="#Spine1-Matrix-animation-transform" target="Spine1/matrix"/></animation>
    <animation id="Spine2-anim" name="Spine2"><source id="Spine2-Matrix-animation-input"><float_array id="Spine2-Matrix-animation-input-array" count="26">

0.000000 0.033333 0.066667 0.100000 0.133333 0.166667 0.200000 0.233333 0.266667 0.300000 0.333333 0.366667 0.400000 0.433333 0.466667 0.500000
0.533333 0.566667 0.600000 0.633333 0.666667 0.700000 0.733333 0.766667 0.800000 0.833333</float_array><technique_common><accessor source="#Spine2-Matrix-animation-input-array" count="26"><param name="TIME" type="float"/></accessor></technique_common></source><source id="Spine2-Matrix-animation-output-transform"><float_array id="Spine2-Matrix-animation-output-transform-array" count="416">

0.999896 -0.011812 -0.008320 -0.005300 0.011349 0.998495 -0.053650 11.063000 0.008941 0.053550 0.998525 0.000000 0.000000 0.000000 0.000000 1.000000
0.999740 -0.015287 -0.016901 -0.005300 0.014322 0.998340 -0.055789 11.063000 0.017725 0.055532 0.998300 0.000000 0.000000 0.000000 0.000000 1.000000
0.999510 -0.018974 -0.024899 -0.005300 0.017512 0.998181 -0.057685 11.063000 0.025948 0.057220 0.998024 0.000000 0.000000 0.000000 0.000000 1.000000
0.999310 -0.024295 -0.028079 -0.005300 0.022667 0.998123 -0.056898 11.063000 0.029409 0.056223 0.997985 0.000000 0.000000 0.000000 0.000000 1.000000
0.999244 -0.032276 -0.021684 -0.005300 0.031113 0.998163 -0.051989 11.063000 0.023322 0.051275 0.998412 0.000000 0.000000 0.000000 0.000000 1.000000
0.999119 -0.041339 -0.007298 -0.005300 0.040961 0.998100 -0.046020 11.063000 0.009186 0.045681 0.998914 0.000000 0.000000 0.000000 0.000000 1.000000
0.998694 -0.049122 0.014077 -0.005300 0.049669 0.997900 -0.041576 11.063000 -0.012006 0.042221 0.999036 -0.000000 0.000000 0.000000 0.000000 1.000000
0.997848 -0.053329 0.038149 -0.005300 0.054822 0.997725 -0.039231 11.063000 -0.035970 0.041238 0.998502 0.000000 0.000000 0.000000 0.000000 1.000000
0.996672 -0.054445 0.060668 -0.005300 0.056865 0.997624 -0.038892 11.063000 -0.058406 0.042212 0.997400 0.000000 0.000000 0.000000 0.000000 1.000000
0.995509 -0.053504 0.078102 -0.005300 0.056789 0.997566 -0.040465 11.063000 -0.075747 0.044719 0.996124 0.000000 0.000000 0.000000 0.000000 1.000000
0.994782 -0.051472 0.088088 -0.005300 0.055489 0.997499 -0.043781 11.063000 -0.085614 0.048440 0.995150 0.000000 0.000000 0.000000 0.000000 1.000000
0.994766 -0.047972 0.090223 -0.005300 0.052408 0.997497 -0.047459 11.063000 -0.087721 0.051939 0.994790 -0.000000 0.000000 0.000000 0.000000 1.000000
0.995443 -0.043233 0.084998 -0.005300 0.047540 0.997651 -0.049312 11.063000 -0.082666 0.053128 0.995160 0.000000 0.000000 0.000000 0.000000 1.000000
0.996411 -0.038425 0.075429 -0.005300 0.042225 0.997883 -0.049459 11.063000 -0.073369 0.052467 0.995924 0.000000 0.000000 0.000000 0.000000 1.000000
0.997254 -0.034183 0.065690 -0.005300 0.037469 0.998073 -0.049461 11.063000 -0.063873 0.051786 0.996613 -0.000000 0.000000 0.000000 0.000000 1.000000
0.997816 -0.030364 0.058665 -0.005300 0.033375 0.998138 -0.051048 11.063000 -0.057006 0.052894 0.996972 -0.000000 0.000000 0.000000 0.000000 1.000000
0.998307 -0.026504 0.051774 -0.005300 0.029218 0.998200 -0.052383 11.063000 -0.050292 0.053807 0.997284 -0.000000 0.000000 0.000000 0.000000 1.000000
0.998801 -0.022161 0.043640 -0.005300 0.024431 0.998338 -0.052201 11.063000 -0.042411 0.053204 0.997683 -0.000000 0.000000 0.000000 0.000000 1.000000
0.999240 -0.017487 0.034848 -0.005300 0.019252 0.998514 -0.050976 11.063000 -0.033904 0.051608 0.998092 0.000000 0.000000 0.000000 0.000000 1.000000
0.999562 -0.012959 0.026600 -0.005300 0.014262 0.998678 -0.049394 11.063000 -0.025924 0.049752 0.998425 0.000000 0.000000 0.000000 0.000000 1.000000
0.999758 -0.009015 0.020049 -0.005300 0.009955 0.998833 -0.047253 11.063000 -0.019599 0.047441 0.998682 -0.000000 0.000000 0.000000 0.000000 1.000000
0.999832 -0.006350 0.017187 -0.005300 0.007143 0.998893 -0.046484 11.063000 -0.016872 0.046599 0.998771 0.000000 0.000000 0.000000 0.000000 1.000000
0.999909 -0.006918 0.011579 -0.005300 0.007463 0.998830 -0.047776 11.063000 -0.011235 0.047858 0.998791 0.000000 0.000000 0.000000 0.000000 1.000000
0.999952 -0.008361 0.005087 -0.005300 0.008603 0.998731 -0.049612 11.063000 -0.004665 0.049654 0.998756 -0.000000 0.000000 0.000000 0.000000 1.000000
0.999947 -0.010123 -0.001664 -0.005300 0.010023 0.998615 -0.051654 11.063000 0.002185 0.051634 0.998664 0.000000 0.000000 0.000000 0.000000 1.000000
0.999896 -0.011812 -0.008320 -0.005300 0.011349 0.998495 -0.053650 11.063000 0.008941 0.053550 0.998525 -0.000000 0.000000 0.000000 0.000000 1.000000</float_array><technique_common><accessor source="#Spine2-Matrix-animation-output-transform-array" count="26" stride="16"><param type="float4x4"/></accessor></technique_common></source><source id="Spine2-Interpolations"><Name_array id="Spine2-Interpolations-array" count="26">
 LINEAR LINEAR LINEAR LINEAR LINEAR LINEAR LINEAR LINEAR LINEAR LINEAR LINEAR
LINEAR LINEAR LINEAR LINEAR LINEAR LINEAR LINEAR LINEAR LINEAR LINEAR LINEAR LINEAR
LINEAR LINEAR LINEAR</Name_array><technique_common><accessor source="#Spine2-Interpolations-array" count="26"><param type="name"/></accessor></technique_common></source><sampler id="Spine2-Matrix-animation-transform"><input semantic="INPUT" source="#Spine2-Matrix-animation-input"/><input semantic="OUTPUT" source="#Spine2-Matrix-animation-output-transform"/><input semantic="INTERPOLATION" source="#Spine2-Interpolations"/></sampler><channel source="#Spine2-Matrix-animation-transform" target="Spine2/matrix"/></animation>
    <animation id="Neck-anim" name="Neck"><source id="Neck-Matrix-animation-input"><float_array id="Neck-Matrix-animation-input-array" count="26">

0.000000 0.033333 0.066667 0.100000 0.133333 0.166667 0.200000 0.233333 0.266667 0.300000 0.333333 0.366667 0.400000 0.433333 0.466667 0.500000
0.533333 0.566667 0.600000 0.633333 0.666667 0.700000 0.733333 0.766667 0.800000 0.833333</float_array><technique_common><accessor source="#Neck-Matrix-animation-input-array" count="26"><param name="TIME" type="float"/></accessor></technique_common></source><source id="Neck-Matrix-animation-output-transform"><float_array id="Neck-Matrix-animation-output-transform-array" count="416">

0.991839 0.110151 0.064208 -0.006000 -0.099783 0.984107 -0.146892 23.723499 -0.079368 0.139286 0.987066 -1.446200 0.000000 0.000000 0.000000 1.000000
0.992284 0.106979 0.062673 -0.006000 -0.096760 0.984235 -0.148052 23.723499 -0.077524 0.140846 0.986992 -1.446200 0.000000 0.000000 0.000000 1.000000
0.992730 0.104144 0.060347 -0.006000 -0.094175 0.984281 -0.149408 23.723499 -0.074959 0.142638 0.986932 -1.446200 0.000000 0.000000 0.000000 1.000000
0.993286 0.104105 0.050451 -0.006000 -0.095339 0.983659 -0.152727 23.723499 -0.065526 0.146892 0.986980 -1.446200 0.000000 0.000000 0.000000 1.000000
0.993464 0.110042 0.030345 -0.006000 -0.103986 0.982101 -0.157052 23.723499 -0.047085 0.152870 0.987124 -1.446200 0.000000 0.000000 0.000000 1.000000
0.992509 0.121728 0.010447 -0.006000 -0.118583 0.980382 -0.157449 23.723499 -0.029407 0.155030 0.987472 -1.446200 0.000000 0.000000 0.000000 1.000000
0.990613 0.136563 -0.006036 -0.006000 -0.135839 0.978500 -0.155195 23.723499 -0.015288 0.154558 0.987865 -1.446200 0.000000 0.000000 0.000000 1.000000
0.988810 0.148399 -0.015221 -0.006000 -0.148965 0.976801 -0.153846 23.723499 -0.007963 0.154392 0.987978 -1.446200 0.000000 0.000000 0.000000 1.000000
0.987752 0.155053 -0.017475 -0.006000 -0.155880 0.975581 -0.154737 23.723499 -0.006944 0.155566 0.987801 -1.446200 0.000000 0.000000 0.000000 1.000000
0.987487 0.156962 -0.015215 -0.006000 -0.157393 0.974983 -0.156956 23.723499 -0.009802 0.157387 0.987488 -1.446200 0.000000 0.000000 0.000000 1.000000
0.987614 0.156445 -0.011954 -0.006000 -0.156356 0.974978 -0.158020 23.723499 -0.013067 0.157931 0.987364 -1.446200 0.000000 0.000000 0.000000 1.000000
0.987889 0.154868 -0.009515 -0.006000 -0.154429 0.975447 -0.157019 23.723499 -0.015036 0.156587 0.987550 -1.446200 0.000000 0.000000 0.000000 1.000000
0.988461 0.151337 -0.006503 -0.006000 -0.150483 0.976163 -0.156399 23.723499 -0.017321 0.155573 0.987673 -1.446200 0.000000 0.000000 0.000000 1.000000
0.989224 0.146394 -0.002046 -0.006000 -0.144904 0.976969 -0.156635 23.723499 -0.020932 0.155244 0.987654 -1.446200 0.000000 0.000000 0.000000 1.000000
0.989986 0.141097 0.004445 -0.006000 -0.138668 0.977878 -0.156606 23.723499 -0.026443 0.154421 0.987651 -1.446200 0.000000 0.000000 0.000000 1.000000
0.990576 0.136409 0.012301 -0.006000 -0.132896 0.979002 -0.154574 23.723499 -0.033128 0.151483 0.987905 -1.446200 0.000000 0.000000 0.000000 1.000000
0.991093 0.131607 0.020353 -0.006000 -0.126994 0.980024 -0.153053 23.723499 -0.040089 0.149105 0.988008 -1.446200 0.000000 0.000000 0.000000 1.000000
0.991614 0.126145 0.028075 -0.006000 -0.120387 0.980675 -0.154219 23.723499 -0.046987 0.149546 0.987638 -1.446200 0.000000 0.000000 0.000000 1.000000
0.992090 0.120349 0.035687 -0.006000 -0.113356 0.981047 -0.157154 23.723499 -0.053924 0.151866 0.986929 -1.446200 0.000000 0.000000 0.000000 1.000000
0.992380 0.115542 0.042798 -0.006000 -0.107359 0.981292 -0.159810 23.723499 -0.060462 0.153998 0.986220 -1.446200 0.000000 0.000000 0.000000 1.000000
0.992358 0.113439 0.048550 -0.006000 -0.104275 0.981336 -0.161576 23.723499 -0.065973 0.155279 0.985665 -1.446200 0.000000 0.000000 0.000000 1.000000
0.991973 0.114123 0.054449 -0.006000 -0.104147 0.981605 -0.160017 23.723499 -0.071709 0.153062 0.985611 -1.446200 0.000000 0.000000 0.000000 1.000000
0.991864 0.113538 0.057580 -0.006000 -0.103314 0.982177 -0.157015 23.723499 -0.074381 0.149789 0.985916 -1.446200 0.000000 0.000000 0.000000 1.000000
0.991843 0.112492 0.059938 -0.006000 -0.102180 0.982818 -0.153713 23.723499 -0.076200 0.146335 0.986296 -1.446200 0.000000 0.000000 0.000000 1.000000
0.991848 0.111308 0.062034 -0.006000 -0.100968 0.983473 -0.150286 23.723499 -0.077737 0.142797 0.986694 -1.446200 0.000000 0.000000 0.000000 1.000000
0.991839 0.110151 0.064208 -0.006000 -0.099783 0.984107 -0.146891 23.723499 -0.079368 0.139286 0.987066 -1.446200 0.000000 0.000000 0.000000 1.000000</float_array><technique_common><accessor source="#Neck-Matrix-animation-output-transform-array" count="26" stride="16"><param type="float4x4"/></accessor></technique_common></source><source id="Neck-Interpolations"><Name_array id="Neck-Interpolations-array" count="26">
 LINEAR LINEAR LINEAR LINEAR LINEAR LINEAR LINEAR LINEAR LINEAR LINEAR LINEAR
LINEAR LINEAR LINEAR LINEAR LINEAR LINEAR LINEAR LINEAR LINEAR LINEAR LINEAR LINEAR
LINEAR LINEAR LINEAR</Name_array><technique_common><accessor source="#Neck-Interpolations-array" count="26"><param type="name"/></accessor></technique_common></source><sampler id="Neck-Matrix-animation-transform"><input semantic="INPUT" source="#Neck-Matrix-animation-input"/><input semantic="OUTPUT" source="#Neck-Matrix-animation-output-transform"/><input semantic="INTERPOLATION" source="#Neck-Interpolations"/></sampler><channel source="#Neck-Matrix-animation-transform" target="Neck/matrix"/></animation>
    <animation id="Head-anim" name="Head"><source id="Head-Matrix-animation-input"><float_array id="Head-Matrix-animation-input-array" count="26">

0.000000 0.033333 0.066667 0.100000 0.133333 0.166667 0.200000 0.233333 0.266667 0.300000 0.333333 0.366667 0.400000 0.433333 0.466667 0.500000
0.533333 0.566667 0.600000 0.633333 0.666667 0.700000 0.733333 0.766667 0.800000 0.833333</float_array><technique_common><accessor source="#Head-Matrix-animation-input-array" count="26"><param name="TIME" type="float"/></accessor></technique_common></source><source id="Head-Matrix-animation-output-transform"><float_array id="Head-Matrix-animation-output-transform-array" count="416">

0.959102 0.113007 0.259526 0.000000 -0.135849 0.988126 0.071777 10.037100 -0.248333 -0.104098 0.963065 3.529500 0.000000 0.000000 0.000000 1.000000
0.962698 0.114188 0.245305 -0.000000 -0.137249 0.987380 0.079012 10.037100 -0.233187 -0.109732 0.966221 3.529500 0.000000 0.000000 0.000000 1.000000
0.967562 0.111932 0.226485 0.000000 -0.134677 0.987014 0.087558 10.037100 -0.213743 -0.115220 0.970071 3.529500 0.000000 0.000000 0.000000 1.000000
0.983556 0.075872 0.163893 -0.000000 -0.093764 0.990112 0.104341 10.037100 -0.154356 -0.117993 0.980944 3.529500 0.000000 0.000000 0.000000 1.000000
0.999347 -0.006321 0.035570 0.000000 0.001923 0.992484 0.122361 10.037100 -0.036076 -0.122213 0.991848 3.529500 0.000000 0.000000 0.000000 1.000000
0.991216 -0.083271 -0.102750 -0.000000 0.096440 0.986722 0.130683 10.037100 0.090504 -0.139444 0.986085 3.529500 0.000000 0.000000 0.000000 1.000000
0.967786 -0.130713 -0.215183 0.000000 0.161068 0.978328 0.130121 10.037100 0.193511 -0.160589 0.967866 3.529500 0.000000 0.000000 0.000000 1.000000
0.950508 -0.142489 -0.276101 0.000000 0.183796 0.974343 0.129902 10.037100 0.250508 -0.174219 0.952310 3.529500 0.000000 0.000000 0.000000 1.000000
0.946868 -0.134224 -0.292276 -0.000000 0.179993 0.974264 0.135695 10.037100 0.266540 -0.181092 0.946658 3.529500 0.000000 0.000000 0.000000 1.000000
0.951220 -0.125282 -0.281930 -0.000000 0.170656 0.974966 0.142538 10.037100 0.257015 -0.183698 0.948788 3.529500 0.000000 0.000000 0.000000 1.000000
0.954003 -0.133881 -0.268241 -0.000000 0.176998 0.973691 0.143519 10.037100 0.241969 -0.184396 0.952601 3.529500 0.000000 0.000000 0.000000 1.000000
0.952162 -0.160758 -0.259894 0.000000 0.200395 0.970528 0.133856 10.037100 0.230716 -0.179534 0.956315 3.529500 0.000000 0.000000 0.000000 1.000000
0.952111 -0.183637 -0.244462 0.000000 0.217772 0.968518 0.120619 10.037100 0.214616 -0.168080 0.962127 3.529500 0.000000 0.000000 0.000000 1.000000
0.957851 -0.188938 -0.216390 0.000000 0.216594 0.969820 0.111968 10.037100 0.188704 -0.154117 0.969865 3.529500 0.000000 0.000000 0.000000 1.000000
0.969389 -0.173365 -0.173866 -0.000000 0.194276 0.974602 0.111393 10.037100 0.150138 -0.141761 0.978449 3.529500 0.000000 0.000000 0.000000 1.000000
0.981180 -0.148645 -0.123253 0.000000 0.162808 0.980034 0.114131 10.037100 0.103827 -0.132050 0.985790 3.529500 0.000000 0.000000 0.000000 1.000000
0.990111 -0.121353 -0.070382 0.000000 0.128868 0.985034 0.114464 10.037100 0.055438 -0.122402 0.990931 3.529500 0.000000 0.000000 0.000000 1.000000
0.995270 -0.095512 -0.017765 0.000000 0.096896 0.989142 0.110495 10.037100 0.007019 -0.111693 0.993718 3.529500 0.000000 0.000000 0.000000 1.000000
0.996966 -0.069558 0.034930 0.000000 0.065636 0.992507 0.103058 10.037100 -0.041836 -0.100453 0.994062 3.529500 0.000000 0.000000 0.000000 1.000000
0.995587 -0.043302 0.083257 -0.000000 0.035521 0.995054 0.092766 10.037100 -0.086863 -0.089399 0.992201 3.529500 0.000000 0.000000 0.000000 1.000000
0.992513 -0.018572 0.120717 0.000000 0.008753 0.996645 0.081371 10.037100 -0.121824 -0.079705 0.989346 3.529500 0.000000 0.000000 0.000000 1.000000
0.988204 0.004520 0.153075 0.000000 -0.015650 0.997312 0.071584 10.037100 -0.152340 -0.073135 0.985619 3.529500 0.000000 0.000000 0.000000 1.000000
0.983071 0.031427 0.180510 0.000000 -0.044959 0.996436 0.071369 10.037100 -0.177624 -0.078276 0.980980 3.529500 0.000000 0.000000 0.000000 1.000000
0.976566 0.058985 0.206976 -0.000000 -0.075442 0.994508 0.072536 10.037100 -0.201561 -0.086451 0.975653 3.529500 0.000000 0.000000 0.000000 1.000000
0.968592 0.086320 0.233191 0.000000 -0.105980 0.991676 0.073116 10.037100 -0.224939 -0.095533 0.969678 3.529500 0.000000 0.000000 0.000000 1.000000
0.959102 0.113007 0.259526 0.000000 -0.135849 0.988126 0.071777 10.037100 -0.248333 -0.104097 0.963065 3.529500 0.000000 0.000000 0.000000 1.000000</float_array><technique_common><accessor source="#Head-Matrix-animation-output-transform-array" count="26" stride="16"><param type="float4x4"/></accessor></technique_common></source><source id="Head-Interpolations"><Name_array id="Head-Interpolations-array" count="26">
 LINEAR LINEAR LINEAR LINEAR LINEAR LINEAR LINEAR LINEAR LINEAR LINEAR LINEAR
LINEAR LINEAR LINEAR LINEAR LINEAR LINEAR LINEAR LINEAR LINEAR LINEAR LINEAR LINEAR
LINEAR LINEAR LINEAR</Name_array><technique_common><accessor source="#Head-Interpolations-array" count="26"><param type="name"/></accessor></technique_common></source><sampler id="Head-Matrix-animation-transform"><input semantic="INPUT" source="#Head-Matrix-animation-input"/><input semantic="OUTPUT" source="#Head-Matrix-animation-output-transform"/><input semantic="INTERPOLATION" source="#Head-Interpolations"/></sampler><channel source="#Head-Matrix-animation-transform" target="Head/matrix"/></animation>
    <animation id="LeftShoulder-anim" name="LeftShoulder"><source id="LeftShoulder-Matrix-animation-input"><float_array id="LeftShoulder-Matrix-animation-input-array" count="26">

0.000000 0.033333 0.066667 0.100000 0.133333 0.166667 0.200000 0.233333 0.266667 0.300000 0.333333 0.366667 0.400000 0.433333 0.466667 0.500000
0.533333 0.566667 0.600000 0.633333 0.666667 0.700000 0.733333 0.766667 0.800000 0.833333</float_array><technique_common><accessor source="#LeftShoulder-Matrix-animation-input-array" count="26"><param name="TIME" type="float"/></accessor></technique_common></source><source id="LeftShoulder-Matrix-animation-output-transform"><float_array id="LeftShoulder-Matrix-animation-output-transform-array" count="416">

0.941020 0.207350 -0.267373 11.304900 -0.219420 0.975503 -0.015739 19.886000 0.257560 0.073478 0.963465 -3.966000 0.000000 0.000000 0.000000 1.000000
0.938290 0.207318 -0.276822 11.304900 -0.220001 0.975381 -0.015209 19.886000 0.266854 0.075171 0.960801 -3.966000 0.000000 0.000000 0.000000 1.000000
0.935164 0.207272 -0.287240 11.304900 -0.220682 0.975234 -0.014744 19.886000 0.277071 0.077177 0.957745 -3.966000 0.000000 0.000000 0.000000 1.000000
0.928654 0.207254 -0.307649 11.304900 -0.222535 0.974809 -0.015033 19.886000 0.296783 0.082423 0.951381 -3.966000 0.000000 0.000000 0.000000 1.000000
0.918216 0.207052 -0.337652 11.304900 -0.225515 0.974109 -0.015936 19.886000 0.325610 0.090779 0.941136 -3.966000 0.000000 0.000000 0.000000 1.000000
0.910539 0.206947 -0.357899 11.304900 -0.227656 0.973607 -0.016217 19.886000 0.345096 0.096244 0.933620 -3.966000 0.000000 0.000000 0.000000 1.000000
0.908206 0.206899 -0.363805 11.304900 -0.228393 0.973428 -0.016565 19.886000 0.350710 0.098135 0.931328 -3.966000 0.000000 0.000000 0.000000 1.000000
0.912201 0.206958 -0.353636 11.304900 -0.227472 0.973637 -0.016960 19.886000 0.340803 0.095913 0.935229 -3.966000 0.000000 0.000000 0.000000 1.000000
0.918782 0.207075 -0.336095 11.304900 -0.225556 0.974091 -0.016444 19.886000 0.323982 0.090917 0.941685 -3.966000 0.000000 0.000000 0.000000 1.000000
0.923417 0.207136 -0.323103 11.304900 -0.223679 0.974555 -0.014496 19.886000 0.311879 0.085657 0.946253 -3.966000 0.000000 0.000000 0.000000 1.000000
0.922441 0.207190 -0.325844 11.304900 -0.222993 0.974753 -0.011474 19.886000 0.315240 0.083245 0.945354 -3.966000 0.000000 0.000000 0.000000 1.000000
0.916706 0.207162 -0.341665 11.304900 -0.223714 0.974610 -0.009301 19.886000 0.331063 0.084962 0.939776 -3.966000 0.000000 0.000000 0.000000 1.000000
0.911238 0.207102 -0.356026 11.304900 -0.225134 0.974282 -0.009478 19.886000 0.344907 0.088790 0.934428 -3.966000 0.000000 0.000000 0.000000 1.000000
0.908872 0.207015 -0.362073 11.304900 -0.226427 0.973960 -0.011515 19.886000 0.350261 0.092449 0.932079 -3.966000 0.000000 0.000000 0.000000 1.000000
0.909708 0.206982 -0.359986 11.304900 -0.227083 0.973775 -0.013960 19.886000 0.347656 0.094446 0.932853 -3.966000 0.000000 0.000000 0.000000 1.000000
0.910916 0.206960 -0.356932 11.304900 -0.227322 0.973695 -0.015565 19.886000 0.344321 0.095317 0.934001 -3.966000 0.000000 0.000000 0.000000 1.000000
0.912492 0.206958 -0.352884 11.304900 -0.227334 0.973672 -0.016809 19.886000 0.340114 0.095560 0.935516 -3.966000 0.000000 0.000000 0.000000 1.000000
0.914458 0.206978 -0.347744 11.304900 -0.227052 0.973725 -0.017512 19.886000 0.334982 0.094970 0.937426 -3.966000 0.000000 0.000000 0.000000 1.000000
0.916791 0.207003 -0.341533 11.304900 -0.226503 0.973849 -0.017761 19.886000 0.328924 0.093641 0.939702 -3.966000 0.000000 0.000000 0.000000 1.000000
0.919591 0.207029 -0.333903 11.304900 -0.225857 0.973992 -0.018125 19.886000 0.321467 0.092082 0.942433 -3.966000 0.000000 0.000000 0.000000 1.000000
0.923569 0.207070 -0.322710 11.304900 -0.224972 0.974185 -0.018755 19.886000 0.310496 0.089922 0.946312 -3.966000 0.000000 0.000000 0.000000 1.000000
0.927449 0.207101 -0.311363 11.304900 -0.223985 0.974406 -0.019058 19.886000 0.299447 0.087416 0.950100 -3.966000 0.000000 0.000000 0.000000 1.000000
0.931052 0.207242 -0.300322 11.304900 -0.222911 0.974664 -0.018481 19.886000 0.288883 0.084152 0.953659 -3.966000 0.000000 0.000000 0.000000 1.000000
0.934493 0.207351 -0.289358 11.304900 -0.221788 0.974935 -0.017644 19.886000 0.278447 0.080664 0.957058 -3.966000 0.000000 0.000000 0.000000 1.000000
0.937810 0.207394 -0.278389 11.304900 -0.220622 0.975216 -0.016696 19.886000 0.268027 0.077077 0.960323 -3.966000 0.000000 0.000000 0.000000 1.000000
0.941020 0.207350 -0.267373 11.304900 -0.219420 0.975503 -0.015739 19.886000 0.257560 0.073478 0.963465 -3.966000 0.000000 0.000000 0.000000 1.000000</float_array><technique_common><accessor source="#LeftShoulder-Matrix-animation-output-transform-array" count="26" stride="16"><param type="float4x4"/></accessor></technique_common></source><source id="LeftShoulder-Interpolations"><Name_array id="LeftShoulder-Interpolations-array" count="26">
 LINEAR LINEAR LINEAR LINEAR LINEAR LINEAR LINEAR LINEAR LINEAR LINEAR LINEAR
LINEAR LINEAR LINEAR LINEAR LINEAR LINEAR LINEAR LINEAR LINEAR LINEAR LINEAR LINEAR
LINEAR LINEAR LINEAR</Name_array><technique_common><accessor source="#LeftShoulder-Interpolations-array" count="26"><param type="name"/></accessor></technique_common></source><sampler id="LeftShoulder-Matrix-animation-transform"><input semantic="INPUT" source="#LeftShoulder-Matrix-animation-input"/><input semantic="OUTPUT" source="#LeftShoulder-Matrix-animation-output-transform"/><input semantic="INTERPOLATION" source="#LeftShoulder-Interpolations"/></sampler><channel source="#LeftShoulder-Matrix-animation-transform" target="LeftShoulder/matrix"/></animation>
    <animation id="LeftArm-anim" name="LeftArm"><source id="LeftArm-Matrix-animation-input"><float_array id="LeftArm-Matrix-animation-input-array" count="26">

0.000000 0.033333 0.066667 0.100000 0.133333 0.166667 0.200000 0.233333 0.266667 0.300000 0.333333 0.366667 0.400000 0.433333 0.466667 0.500000
0.533333 0.566667 0.600000 0.633333 0.666667 0.700000 0.733333 0.766667 0.800000 0.833333</float_array><technique_common><accessor source="#LeftArm-Matrix-animation-input-array" count="26"><param name="TIME" type="float"/></accessor></technique_common></source><source id="LeftArm-Matrix-animation-output-transform"><float_array id="LeftArm-Matrix-animation-output-transform-array" count="416">

