<?xml version="1.0" encoding="utf-8"?>
<COLLADA xmlns="http://www.collada.org/2005/11/COLLADASchema" version="1.4.1">
  <asset><contributor><author>Mixamo</author><authoring_tool>COLLADA Mixamo exporter</authoring_tool><comments></comments></contributor><created>2018-06-07T23:53:00Z</created><modified>2018-06-07T23:53:00Z</modified><revision></revision><title></title><unit meter="0.010000"/><up_axis>Y_UP</up_axis></asset>
  <library_animations>
    <animation id="Hips-anim" name="Hips"><source id="Hips-Matrix-animation-input"><float_array id="Hips-Matrix-animation-input-array" count="19">

0.000000 0.033333 0.066667 0.100000 0.133333 0.166667 0.200000 0.233333 0.266667 0.300000 0.333333 0.366667 0.400000 0.433333 0.466667 0.500000
0.533333 0.566667 0.600000</float_array><technique_common><accessor source="#Hips-Matrix-animation-input-array" count="19"><param name="TIME" type="float"/></accessor></technique_common></source><source id="Hips-Matrix-animation-output-transform"><float_array id="Hips-Matrix-animation-output-transform-array" count="304">

0.989274 0.113797 -0.091585 0.580220 -0.125559 0.982855 -0.135021 104.932205 0.074650 0.145072 0.986601 -1.071629 0.000000 0.000000 0.000000 1.000000
0.994053 0.068661 -0.084527 0.248017 -0.080607 0.985819 -0.147183 107.772896 0.073222 0.153122 0.985491 2.041797 0.000000 0.000000 0.000000 1.000000
0.996546 0.040639 -0.072416 -0.139123 -0.051401 0.986798 -0.153582 110.126633 0.065218 0.156773 0.985479 1.744341 0.000000 0.000000 0.000000 1.000000
0.998113 0.019493 -0.058226 -0.546546 -0.028449 0.987158 -0.157195 112.270828 0.054415 0.158555 0.985850 0.082656 0.000000 0.000000 0.000000 1.000000
0.999620 -0.001729 -0.027498 -0.797468 -0.002403 0.988757 -0.149510 112.982712 0.027448 0.149520 0.988378 -1.697514 0.000000 0.000000 0.000000 1.000000
0.998690 -0.028471 0.042522 -0.634310 0.033227 0.992729 -0.115691 110.072563 -0.038919 0.116952 0.992375 -3.713217 0.000000 0.000000 0.000000 1.000000
0.992076 -0.072399 0.102678 -0.287745 0.084594 0.989180 -0.119866 107.167389 -0.092889 0.127602 0.987466 -5.358317 0.000000 0.000000 0.000000 1.000000
0.980412 -0.143724 0.134667 0.103084 0.163236 0.975535 -0.147258 103.902885 -0.110208 0.166356 0.979888 -7.879748 0.000000 0.000000 0.000000 1.000000
0.975173 -0.164933 0.147767 0.182208 0.190310 0.965376 -0.178413 102.484962 -0.113224 0.202105 0.972797 -7.594258 0.000000 0.000000 0.000000 1.000000
0.981073 -0.123319 0.149294 0.169747 0.152132 0.967860 -0.200256 103.443024 -0.119800 0.219178 0.968302 -3.484346 0.000000 0.000000 0.000000 1.000000
0.985304 -0.074565 0.153674 0.705658 0.106101 0.972242 -0.208539 105.530640 -0.133858 0.221779 0.965865 1.803892 0.000000 0.000000 0.000000 1.000000
0.986929 -0.039052 0.156351 1.135159 0.072400 0.974218 -0.213677 109.317390 -0.143976 0.222204 0.964311 2.878530 0.000000 0.000000 0.000000 1.000000
0.987899 -0.014096 0.154456 1.154591 0.046802 0.976531 -0.210231 112.472099 -0.147867 0.214916 0.965374 1.649226 0.000000 0.000000 0.000000 1.000000
0.988891 -0.002298 0.148624 1.038478 0.031214 0.980797 -0.192519 114.007141 -0.145327 0.195019 0.969973 -0.109826 0.000000 0.000000 0.000000 1.000000
0.991628 -0.002483 0.129100 0.999644 0.024424 0.985373 -0.168651 113.614326 -0.126793 0.170392 0.977185 -1.729386 0.000000 0.000000 0.000000 1.000000
0.996918 -0.006498 0.078180 1.051688 0.018850 0.987208 -0.158319 111.605194 -0.076152 0.159305 0.984288 -3.468085 0.000000 0.000000 0.000000 1.000000
0.999856 0.014617 -0.008660 0.809554 -0.015852 0.985989 -0.166057 108.910957 0.006112 0.166171 0.986078 -3.252534 0.000000 0.000000 0.000000 1.000000
0.995276 0.068108 -0.069182 0.728413 -0.078297 0.984452 -0.157239 106.432915 0.057397 0.161913 0.985134 -4.558775 0.000000 0.000000 0.000000 1.000000
0.990054 0.106267 -0.092192 0.667595 -0.118768 0.982594 -0.142840 105.128883 0.075408 0.152369 0.985443 -3.755370 0.000000 0.000000 0.000000 1.000000</float_array><technique_common><accessor source="#Hips-Matrix-animation-output-transform-array" count="19" stride="16"><param type="float4x4"/></accessor></technique_common></source><source id="Hips-Interpolations"><Name_array id="Hips-Interpolations-array" count="19">
 LINEAR LINEAR LINEAR LINEAR LINEAR LINEAR LINEAR LINEAR LINEAR LINEAR LINEAR
LINEAR LINEAR LINEAR LINEAR LINEAR LINEAR LINEAR LINEAR</Name_array><technique_common><accessor source="#Hips-Interpolations-array" count="19"><param type="name"/></accessor></technique_common></source><sampler id="Hips-Matrix-animation-transform"><input semantic="INPUT" source="#Hips-Matrix-animation-input"/><input semantic="OUTPUT" source="#Hips-Matrix-animation-output-transform"/><input semantic="INTERPOLATION" source="#Hips-Interpolations"/></sampler><channel source="#Hips-Matrix-animation-transform" target="Hips/matrix"/></animation>
    <animation id="Spine-anim" name="Spine"><source id="Spine-Matrix-animation-input"><float_array id="Spine-Matrix-animation-input-array" count="19">

0.000000 0.033333 0.066667 0.100000 0.133333 0.166667 0.200000 0.233333 0.266667 0.300000 0.333333 0.366667 0.400000 0.433333 0.466667 0.500000
0.533333 0.566667 0.600000</float_array><technique_common><accessor source="#Spine-Matrix-animation-input-array" count="19"><param name="TIME" type="float"/></accessor></technique_common></source><source id="Spine-Matrix-animation-output-transform"><float_array id="Spine-Matrix-animation-output-transform-array" count="304">

0.965578 -0.076358 0.248653 0.000000 0.130169 0.969480 -0.207761 13.214800 -0.225200 0.232976 0.946048 0.000000 0.000000 0.000000 0.000000 1.000000
0.960014 -0.028031 0.278545 0.000000 0.066373 0.989396 -0.129191 13.214800 -0.271970 0.142513 0.951695 -0.000000 0.000000 0.000000 0.000000 1.000000
0.958269 -0.006072 0.285804 0.000000 0.035631 0.994515 -0.098337 13.214800 -0.283640 0.104417 0.953229 0.000000 0.000000 0.000000 0.000000 1.000000
0.959494 0.007236 0.281636 0.000000 0.017687 0.996151 -0.085850 13.214800 -0.281174 0.087354 0.955673 0.000000 0.000000 0.000000 0.000000 1.000000
0.967324 0.035450 0.251053 -0.000000 -0.009415 0.994517 -0.104155 13.214800 -0.253369 0.098388 0.962353 -0.000000 0.000000 0.000000 0.000000 1.000000
0.985099 0.091785 0.145449 -0.000000 -0.063102 0.979600 -0.190792 13.214800 -0.159993 0.178771 0.970795 0.000000 0.000000 0.000000 0.000000 1.000000
0.988773 0.147232 0.025497 0.000000 -0.136778 0.960523 -0.242255 13.214800 -0.060158 0.236048 0.969877 0.000000 0.000000 0.000000 0.000000 1.000000
0.973731 0.209351 -0.089552 -0.000000 -0.225151 0.943920 -0.241501 13.214800 0.033972 0.255320 0.966260 0.000000 0.000000 0.000000 0.000000 1.000000
0.958268 0.224579 -0.176879 0.000000 -0.255163 0.950926 -0.175017 13.214800 0.128894 0.212847 0.968547 0.000000 0.000000 0.000000 0.000000 1.000000
0.952684 0.186822 -0.239772 0.000000 -0.209005 0.975373 -0.070462 13.214800 0.220704 0.117242 0.968269 -0.000000 0.000000 0.000000 0.000000 1.000000
0.947466 0.133052 -0.290871 0.000000 -0.130995 0.991025 0.026628 13.214800 0.291803 0.012873 0.956392 -0.000000 0.000000 0.000000 0.000000 1.000000
0.945491 0.086563 -0.313932 0.000000 -0.070028 0.995516 0.063592 13.214800 0.318029 -0.038141 0.947313 -0.000000 0.000000 0.000000 0.000000 1.000000
0.947872 0.058163 -0.313297 0.000000 -0.042837 0.997535 0.055586 13.214800 0.315757 -0.039268 0.948027 0.000000 0.000000 0.000000 0.000000 1.000000
0.956807 0.038915 -0.288108 0.000000 -0.036380 0.999238 0.014150 13.214800 0.288439 -0.003057 0.957493 -0.000000 0.000000 0.000000 0.000000 1.000000
0.972731 0.019146 -0.231143 0.000000 -0.032789 0.997930 -0.055329 13.214800 0.229605 0.061399 0.971345 0.000000 0.000000 0.000000 0.000000 1.000000
0.991634 -0.004997 -0.128987 0.000000 -0.014055 0.989130 -0.146369 13.214800 0.128316 0.146957 0.980785 0.000000 0.000000 0.000000 0.000000 1.000000
0.999348 -0.035762 0.004911 -0.000000 0.035947 0.973507 -0.225813 13.214800 0.003294 0.225842 0.974158 0.000000 0.000000 0.000000 0.000000 1.000000
0.989668 -0.072518 0.123687 0.000000 0.102592 0.960801 -0.257560 13.214800 -0.100160 0.267588 0.958313 0.000000 0.000000 0.000000 0.000000 1.000000
0.974726 -0.085140 0.206544 0.000000 0.134779 0.961437 -0.239735 13.214800 -0.178168 0.261514 0.948613 -0.000000 0.000000 0.000000 0.000000 1.000000</float_array><technique_common><accessor source="#Spine-Matrix-animation-output-transform-array" count="19" stride="16"><param type="float4x4"/></accessor></technique_common></source><source id="Spine-Interpolations"><Name_array id="Spine-Interpolations-array" count="19">
 LINEAR LINEAR LINEAR LINEAR LINEAR LINEAR LINEAR LINEAR LINEAR LINEAR LINEAR
LINEAR LINEAR LINEAR LINEAR LINEAR LINEAR LINEAR LINEAR</Name_array><technique_common><accessor source="#Spine-Interpolations-array" count="19"><param type="name"/></accessor></technique_common></source><sampler id="Spine-Matrix-animation-transform"><input semantic="INPUT" source="#Spine-Matrix-animation-input"/><input semantic="OUTPUT" source="#Spine-Matrix-animation-output-transform"/><input semantic="INTERPOLATION" source="#Spine-Interpolations"/></sampler><channel source="#Spine-Matrix-animation-transform" target="Spine/matrix"/></animation>
    <animation id="Spine1-anim" name="Spine1"><source id="Spine1-Matrix-animation-input"><float_array id="Spine1-Matrix-animation-input-array" count="19">

0.000000 0.033333 0.066667 0.100000 0.133333 0.166667 0.200000 0.233333 0.266667 0.300000 0.333333 0.366667 0.400000 0.433333 0.466667 0.500000
0.533333 0.566667 0.600000</float_array><technique_common><accessor source="#Spine1-Matrix-animation-input-array" count="19"><param name="TIME" type="float"/></accessor></technique_common></source><source id="Spine1-Matrix-animation-output-transform"><float_array id="Spine1-Matrix-animation-output-transform-array" count="304">

0.999243 -0.023499 0.031011 -0.007800 0.021621 0.997990 0.059566 9.224200 -0.032348 -0.058850 0.997743 0.000000 0.000000 0.000000 0.000000 1.000000
0.999187 -0.019872 0.035091 -0.007800 0.018720 0.999285 0.032836 9.224200 -0.035719 -0.032153 0.998845 0.000000 0.000000 0.000000 0.000000 1.000000
0.999273 -0.011441 0.036374 -0.007800 0.010828 0.999797 0.017005 9.224200 -0.036561 -0.016599 0.999194 0.000000 0.000000 0.000000 0.000000 1.000000
0.999339 -0.001248 0.036343 -0.007800 0.001044 0.999984 0.005634 9.224200 -0.036350 -0.005592 0.999323 -0.000000 0.000000 0.000000 0.000000 1.000000
0.999488 -0.001305 0.031968 -0.007800 0.001207 0.999995 0.003072 9.224200 -0.031972 -0.003032 0.999484 0.000000 0.000000 0.000000 0.000000 1.000000
0.999497 -0.027041 0.016548 -0.007800 0.026659 0.999382 0.022914 9.224200 -0.017158 -0.022461 0.999600 0.000000 0.000000 0.000000 0.000000 1.000000
0.998562 -0.053608 0.000338 -0.007800 0.053518 0.997207 0.052105 9.224200 -0.003130 -0.052011 0.998642 0.000000 0.000000 0.000000 0.000000 1.000000
0.997405 -0.070872 -0.012703 -0.007800 0.071469 0.995916 0.055176 9.224200 0.008740 -0.055940 0.998396 0.000000 0.000000 0.000000 0.000000 1.000000
0.996792 -0.076575 -0.023260 -0.007800 0.077209 0.996631 0.027674 9.224200 0.021063 -0.029381 0.999346 0.000000 0.000000 0.000000 0.000000 1.000000
0.996994 -0.070351 -0.032466 -0.007800 0.069970 0.997468 -0.012728 9.224200 0.033279 0.010418 0.999392 0.000000 0.000000 0.000000 0.000000 1.000000
0.997756 -0.054093 -0.039470 -0.007800 0.052697 0.997977 -0.035570 9.224200 0.041315 0.033410 0.998587 0.000000 0.000000 0.000000 0.000000 1.000000
0.997967 -0.048877 -0.040889 -0.007800 0.047020 0.997870 -0.045216 9.224200 0.043012 0.043202 0.998140 -0.000000 0.000000 0.000000 0.000000 1.000000
0.997673 -0.055839 -0.039135 -0.007800 0.053962 0.997414 -0.047479 9.224200 0.041685 0.045257 0.998105 0.000000 0.000000 0.000000 0.000000 1.000000
0.997249 -0.064988 -0.035648 -0.007800 0.063547 0.997170 -0.040175 9.224200 0.038158 0.037799 0.998557 0.000000 0.000000 0.000000 0.000000 1.000000
0.997497 -0.064358 -0.029294 -0.007800 0.063716 0.997718 -0.022332 9.224200 0.030664 0.020409 0.999321 0.000000 0.000000 0.000000 0.000000 1.000000
0.998818 -0.045763 -0.016368 -0.007800 0.045828 0.998943 0.003628 9.224200 0.016185 -0.004374 0.999859 0.000000 0.000000 0.000000 0.000000 1.000000
0.999684 -0.025143 0.000569 -0.007800 0.025115 0.999257 0.029240 9.224200 -0.001304 -0.029217 0.999572 0.000000 0.000000 0.000000 0.000000 1.000000
0.999705 -0.018816 0.015388 -0.007800 0.017980 0.998446 0.052750 9.224200 -0.016357 -0.052458 0.998489 -0.000000 0.000000 0.000000 0.000000 1.000000
0.999457 -0.020655 0.025686 -0.007800 0.019023 0.997879 0.062254 9.224200 -0.026917 -0.061732 0.997730 -0.000000 0.000000 0.000000 0.000000 1.000000</float_array><technique_common><accessor source="#Spine1-Matrix-animation-output-transform-array" count="19" stride="16"><param type="float4x4"/></accessor></technique_common></source><source id="Spine1-Interpolations"><Name_array id="Spine1-Interpolations-array" count="19">
 LINEAR LINEAR LINEAR LINEAR LINEAR LINEAR LINEAR LINEAR LINEAR LINEAR LINEAR
LINEAR LINEAR LINEAR LINEAR LINEAR LINEAR LINEAR LINEAR</Name_array><technique_common><accessor source="#Spine1-Interpolations-array" count="19"><param type="name"/></accessor></technique_common></source><sampler id="Spine1-Matrix-animation-transform"><input semantic="INPUT" source="#Spine1-Matrix-animation-input"/><input semantic="OUTPUT" source="#Spine1-Matrix-animation-output-transform"/><input semantic="INTERPOLATION" source="#Spine1-Interpolations"/></sampler><channel source="#Spine1-Matrix-animation-transform" target="Spine1/matrix"/></animation>
    <animation id="Spine2-anim" name="Spine2"><source id="Spine2-Matrix-animation-input"><float_array id="Spine2-Matrix-animation-input-array" count="19">

0.000000 0.033333 0.066667 0.100000 0.133333 0.166667 0.200000 0.233333 0.266667 0.300000 0.333333 0.366667 0.400000 0.433333 0.466667 0.500000
0.533333 0.566667 0.600000</float_array><technique_common><accessor source="#Spine2-Matrix-animation-input-array" count="19"><param name="TIME" type="float"/></accessor></technique_common></source><source id="Spine2-Matrix-animation-output-transform"><float_array id="Spine2-Matrix-animation-output-transform-array" count="304">

0.999290 -0.021294 0.031079 -0.005300 0.019439 0.998081 0.058792 11.063000 -0.032272 -0.058146 0.997786 -0.000000 0.000000 0.000000 0.000000 1.000000
0.999227 -0.017760 0.035066 -0.005300 0.016585 0.999300 0.033524 11.063000 -0.035636 -0.032916 0.998823 0.000000 0.000000 0.000000 0.000000 1.000000
0.999293 -0.010149 0.036214 -0.005300 0.009525 0.999804 0.017362 11.063000 -0.036383 -0.017005 0.999193 -0.000000 0.000000 0.000000 0.000000 1.000000
0.999350 -0.001058 0.036037 -0.005300 0.000880 0.999987 0.004956 11.063000 -0.036042 -0.004921 0.999338 -0.000000 0.000000 0.000000 0.000000 1.000000
0.999496 -0.001455 0.031698 -0.005300 0.001382 0.999996 0.002341 11.063000 -0.031701 -0.002296 0.999495 -0.000000 0.000000 0.000000 0.000000 1.000000
0.999529 -0.025773 0.016679 -0.005300 0.025362 0.999381 0.024392 11.063000 -0.017297 -0.023958 0.999563 0.000000 0.000000 0.000000 0.000000 1.000000
0.998583 -0.053213 0.000360 -0.005300 0.053120 0.997180 0.053009 11.063000 -0.003179 -0.052914 0.998594 0.000000 0.000000 0.000000 0.000000 1.000000
0.997335 -0.071836 -0.012726 -0.005300 0.072426 0.995892 0.054345 11.063000 0.008770 -0.055122 0.998441 0.000000 0.000000 0.000000 0.000000 1.000000
0.996772 -0.077030 -0.022613 -0.005300 0.077439 0.996838 0.017809 11.063000 0.021170 -0.019503 0.999586 0.000000 0.000000 0.000000 0.000000 1.000000
0.997142 -0.068944 -0.030908 -0.005300 0.067624 0.996831 -0.041883 11.063000 0.033697 0.039673 0.998644 0.000000 0.000000 0.000000 0.000000 1.000000
0.997915 -0.052154 -0.038021 -0.005300 0.048520 0.994675 -0.090930 11.063000 0.042561 0.088896 0.995131 0.000000 0.000000 0.000000 0.000000 1.000000
0.998183 -0.044773 -0.040321 -0.005300 0.039908 0.992644 -0.114303 11.063000 0.045142 0.112486 0.992627 0.000000 0.000000 0.000000 0.000000 1.000000
0.997895 -0.051806 -0.039022 -0.005300 0.046849 0.991825 -0.118692 11.063000 0.044852 0.116614 0.992164 0.000000 0.000000 0.000000 0.000000 1.000000
0.997484 -0.061557 -0.035172 -0.005300 0.057719 0.993179 -0.101309 11.063000 0.041168 0.099024 0.994233 -0.000000 0.000000 0.000000 0.000000 1.000000
0.997680 -0.061862 -0.028435 -0.005300 0.059977 0.996214 -0.062924 11.063000 0.032220 0.061073 0.997613 0.000000 0.000000 0.000000 0.000000 1.000000
0.998812 -0.046098 -0.015768 -0.005300 0.045922 0.998881 -0.011347 11.063000 0.016273 0.010610 0.999811 -0.000000 0.000000 0.000000 0.000000 1.000000
0.999600 -0.028282 0.000865 -0.005300 0.028244 0.999173 0.029262 11.063000 -0.001692 -0.029226 0.999571 -0.000000 0.000000 0.000000 0.000000 1.000000
0.999664 -0.020623 0.015724 -0.005300 0.019736 0.998313 0.054602 11.063000 -0.016823 -0.054273 0.998384 0.000000 0.000000 0.000000 0.000000 1.000000
0.999465 -0.019905 0.025971 -0.005300 0.018260 0.997903 0.062092 11.063000 -0.027152 -0.061585 0.997732 0.000000 0.000000 0.000000 0.000000 1.000000</float_array><technique_common><accessor source="#Spine2-Matrix-animation-output-transform-array" count="19" stride="16"><param type="float4x4"/></accessor></technique_common></source><source id="Spine2-Interpolations"><Name_array id="Spine2-Interpolations-array" count="19">
 LINEAR LINEAR LINEAR LINEAR LINEAR LINEAR LINEAR LINEAR LINEAR LINEAR LINEAR
LINEAR LINEAR LINEAR LINEAR LINEAR LINEAR LINEAR LINEAR</Name_array><technique_common><accessor source="#Spine2-Interpolations-array" count="19"><param type="name"/></accessor></technique_common></source><sampler id="Spine2-Matrix-animation-transform"><input semantic="INPUT" source="#Spine2-Matrix-animation-input"/><input semantic="OUTPUT" source="#Spine2-Matrix-animation-output-transform"/><input semantic="INTERPOLATION" source="#Spine2-Interpolations"/></sampler><channel source="#Spine2-Matrix-animation-transform" target="Spine2/matrix"/></animation>
    <animation id="Neck-anim" name="Neck"><source id="Neck-Matrix-animation-input"><float_array id="Neck-Matrix-animation-input-array" count="19">

0.000000 0.033333 0.066667 0.100000 0.133333 0.166667 0.200000 0.233333 0.266667 0.300000 0.333333 0.366667 0.400000 0.433333 0.466667 0.500000
0.533333 0.566667 0.600000</float_array><technique_common><accessor source="#Neck-Matrix-animation-input-array" count="19"><param name="TIME" type="float"/></accessor></technique_common></source><source id="Neck-Matrix-animation-output-transform"><float_array id="Neck-Matrix-animation-output-transform-array" count="304">

0.997638 0.053298 -0.043326 -0.006000 -0.056499 0.995476 -0.076387 23.723499 0.039059 0.078654 0.996136 -1.446200 0.000000 0.000000 0.000000 1.000000
0.997345 0.047968 -0.054794 -0.006000 -0.053231 0.993660 -0.099028 23.723499 0.049696 0.101682 0.993575 -1.446200 0.000000 0.000000 0.000000 1.000000
0.996941 0.050476 -0.059673 -0.006000 -0.055571 0.994652 -0.087055 23.723499 0.054959 0.090104 0.994415 -1.446200 0.000000 0.000000 0.000000 1.000000
0.996498 0.056420 -0.061718 -0.006000 -0.060203 0.996305 -0.061255 23.723499 0.058034 0.064756 0.996212 -1.446200 0.000000 0.000000 0.000000 1.000000
0.995873 0.067780 -0.060359 -0.006000 -0.070422 0.996600 -0.042776 23.723499 0.057255 0.046850 0.997260 -1.446200 0.000000 0.000000 0.000000 1.000000
0.994606 0.090491 -0.050693 -0.006000 -0.092747 0.994714 -0.044076 23.723499 0.046436 0.048540 0.997741 -1.446200 0.000000 0.000000 0.000000 1.000000
0.994854 0.094192 -0.037317 -0.006000 -0.096067 0.994011 -0.052097 23.723499 0.032186 0.055414 0.997945 -1.446200 0.000000 0.000000 0.000000 1.000000
0.996857 0.076509 -0.020576 -0.006000 -0.077369 0.995993 -0.044860 23.723499 0.017061 0.046311 0.998781 -1.446200 0.000000 0.000000 0.000000 1.000000
0.998755 0.049818 -0.002618 -0.006000 -0.049869 0.998435 -0.025327 23.723499 0.001352 0.025426 0.999676 -1.446200 0.000000 0.000000 0.000000 1.000000
0.999523 0.027839 0.013348 -0.006000 -0.027781 0.999604 -0.004462 23.723499 -0.013467 0.004089 0.999901 -1.446200 0.000000 0.000000 0.000000 1.000000
0.999484 0.020661 0.024609 -0.006000 -0.020793 0.999771 0.005130 23.723499 -0.024497 -0.005639 0.999684 -1.446200 0.000000 0.000000 0.000000 1.000000
0.999325 0.021783 0.029569 -0.006000 -0.022051 0.999718 0.008768 23.723499 -0.029370 -0.009415 0.999524 -1.446200 0.000000 0.000000 0.000000 1.000000
0.999346 0.020843 0.029553 -0.006000 -0.021307 0.999653 0.015492 23.723499 -0.029220 -0.016112 0.999443 -1.446200 0.000000 0.000000 0.000000 1.000000
0.999499 0.018618 0.025598 -0.006000 -0.019241 0.999519 0.024310 23.723499 -0.025133 -0.024790 0.999377 -1.446200 0.000000 0.000000 0.000000 1.000000
0.999646 0.019229 0.018391 -0.006000 -0.019806 0.999302 0.031684 23.723499 -0.017768 -0.032037 0.999329 -1.446200 0.000000 0.000000 0.000000 1.000000
0.999592 0.027334 0.008326 -0.006000 -0.027596 0.999068 0.033193 23.723499 -0.007411 -0.033409 0.999414 -1.446200 0.000000 0.000000 0.000000 1.000000
0.999175 0.040432 -0.003906 -0.006000 -0.040322 0.998874 0.025016 23.723499 0.004913 -0.024838 0.999679 -1.446200 0.000000 0.000000 0.000000 1.000000
0.998546 0.050887 -0.017802 -0.006000 -0.050899 0.998704 -0.000221 23.723499 0.017768 0.001127 0.999842 -1.446200 0.000000 0.000000 0.000000 1.000000
0.997976 0.054680 -0.032457 -0.006000 -0.055970 0.997620 -0.040260 23.723499 0.030178 0.041995 0.998662 -1.446200 0.000000 0.000000 0.000000 1.000000</float_array><technique_common><accessor source="#Neck-Matrix-animation-output-transform-array" count="19" stride="16"><param type="float4x4"/></accessor></technique_common></source><source id="Neck-Interpolations"><Name_array id="Neck-Interpolations-array" count="19">
 LINEAR LINEAR LINEAR LINEAR LINEAR LINEAR LINEAR LINEAR LINEAR LINEAR LINEAR
LINEAR LINEAR LINEAR LINEAR LINEAR LINEAR LINEAR LINEAR</Name_array><technique_common><accessor source="#Neck-Interpolations-array" count="19"><param type="name"/></accessor></technique_common></source><sampler id="Neck-Matrix-animation-transform"><input semantic="INPUT" source="#Neck-Matrix-animation-input"/><input semantic="OUTPUT" source="#Neck-Matrix-animation-output-transform"/><input semantic="INTERPOLATION" source="#Neck-Interpolations"/></sampler><channel source="#Neck-Matrix-animation-transform" target="Neck/matrix"/></animation>
    <animation id="Head-anim" name="Head"><source id="Head-Matrix-animation-input"><float_array id="Head-Matrix-animation-input-array" count="19">

0.000000 0.033333 0.066667 0.100000 0.133333 0.166667 0.200000 0.233333 0.266667 0.300000 0.333333 0.366667 0.400000 0.433333 0.466667 0.500000
0.533333 0.566667 0.600000</float_array><technique_common><accessor source="#Head-Matrix-animation-input-array" count="19"><param name="TIME" type="float"/></accessor></technique_common></source><source id="Head-Matrix-animation-output-transform"><float_array id="Head-Matrix-animation-output-transform-array" count="304">

0.993232 0.004900 -0.116040 0.000000 0.034669 0.941052 0.336481 10.037100 0.110848 -0.338227 0.934513 3.529500 0.000000 0.000000 0.000000 1.000000
0.984445 0.007040 -0.175554 -0.000000 0.046652 0.952856 0.299814 10.037100 0.169389 -0.303340 0.937706 3.529500 0.000000 0.000000 0.000000 1.000000
0.979526 0.004795 -0.201261 -0.000000 0.053931 0.956926 0.285280 10.037100 0.193960 -0.290293 0.937075 3.529500 0.000000 0.000000 0.000000 1.000000
0.976973 0.001798 -0.213356 0.000000 0.059399 0.958140 0.280070 10.037100 0.204928 -0.286295 0.935970 3.529500 0.000000 0.000000 0.000000 1.000000
0.977196 -0.002528 -0.212322 0.000000 0.064782 0.955804 0.286777 10.037100 0.202214 -0.293992 0.934172 3.529500 0.000000 0.000000 0.000000 1.000000
0.984035 -0.011191 -0.177625 0.000000 0.069207 0.943536 0.323959 10.037100 0.163970 -0.331080 0.929247 3.529500 0.000000 0.000000 0.000000 1.000000
0.991109 -0.019066 -0.131681 0.000000 0.066441 0.928376 0.365655 10.037100 0.115278 -0.371153 0.921388 3.529500 0.000000 0.000000 0.000000 1.000000
0.997654 -0.019782 -0.065543 0.000000 0.043892 0.919528 0.390566 10.037100 0.052543 -0.392526 0.918239 3.529500 0.000000 0.000000 0.000000 1.000000
0.999714 -0.013579 0.019662 0.000000 0.004990 0.923338 0.383956 10.037100 -0.023368 -0.383749 0.923142 3.529500 0.000000 0.000000 0.000000 1.000000
0.994359 -0.001900 0.106052 0.000000 -0.034972 0.938056 0.344715 10.037100 -0.100137 -0.346479 0.932698 3.529500 0.000000 0.000000 0.000000 1.000000
0.986193 0.007039 0.165453 0.000000 -0.055856 0.954688 0.292319 10.037100 -0.155898 -0.297524 0.941900 3.529500 0.000000 0.000000 0.000000 1.000000
0.982883 0.013030 0.183768 0.000000 -0.061568 0.963376 0.260990 10.037100 -0.173637 -0.267837 0.947689 3.529500 0.000000 0.000000 0.000000 1.000000
0.983443 0.023829 0.179642 -0.000000 -0.072159 0.960829 0.267581 10.037100 -0.166229 -0.276114 0.946641 3.529500 0.000000 0.000000 0.000000 1.000000
0.986642 0.036650 0.158729 0.000000 -0.082813 0.951913 0.294965 10.037100 -0.140285 -0.304170 0.942232 3.529500 0.000000 0.000000 0.000000 1.000000
0.991251 0.046485 0.123534 0.000000 -0.084233 0.943354 0.320918 10.037100 -0.101618 -0.328516 0.939016 3.529500 0.000000 0.000000 0.000000 1.000000
0.996058 0.045988 0.075854 0.000000 -0.068457 0.942321 0.327634 10.037100 -0.056412 -0.331535 0.941755 3.529500 0.000000 0.000000 0.000000 1.000000
0.998840 0.036360 0.031578 0.000000 -0.044759 0.942874 0.330129 10.037100 -0.017771 -0.331159 0.943408 3.529500 0.000000 0.000000 0.000000 1.000000
0.999697 0.021064 -0.012760 0.000000 -0.015415 0.939276 0.342817 10.037100 0.019207 -0.342517 0.939315 3.529500 0.000000 0.000000 0.000000 1.000000
0.997661 0.009976 -0.067623 -0.000000 0.014048 0.938252 0.345667 10.037100 0.066896 -0.345809 0.935917 3.529500 0.000000 0.000000 0.000000 1.000000</float_array><technique_common><accessor source="#Head-Matrix-animation-output-transform-array" count="19" stride="16"><param type="float4x4"/></accessor></technique_common></source><source id="Head-Interpolations"><Name_array id="Head-Interpolations-array" count="19">
 LINEAR LINEAR LINEAR LINEAR LINEAR LINEAR LINEAR LINEAR LINEAR LINEAR LINEAR
LINEAR LINEAR LINEAR LINEAR LINEAR LINEAR LINEAR LINEAR</Name_array><technique_common><accessor source="#Head-Interpolations-array" count="19"><param type="name"/></accessor></technique_common></source><sampler id="Head-Matrix-animation-transform"><input semantic="INPUT" source="#Head-Matrix-animation-input"/><input semantic="OUTPUT" source="#Head-Matrix-animation-output-transform"/><input semantic="INTERPOLATION" source="#Head-Interpolations"/></sampler><channel source="#Head-Matrix-animation-transform" target="Head/matrix"/></animation>
    <animation id="LeftShoulder-anim" name="LeftShoulder"><source id="LeftShoulder-Matrix-animation-input"><float_array id="LeftShoulder-Matrix-animation-input-array" count="19">

0.000000 0.033333 0.066667 0.100000 0.133333 0.166667 0.200000 0.233333 0.266667 0.300000 0.333333 0.366667 0.400000 0.433333 0.466667 0.500000
0.533333 0.566667 0.600000</float_array><technique_common><accessor source="#LeftShoulder-Matrix-animation-input-array" count="19"><param name="TIME" type="float"/></accessor></technique_common></source><source id="LeftShoulder-Matrix-animation-output-transform"><float_array id="LeftShoulder-Matrix-animation-output-transform-array" count="304">

0.986841 0.070408 -0.145563 11.304900 -0.077770 0.995932 -0.045513 19.886000 0.141766 0.056234 0.988302 -3.966000 0.000000 0.000000 0.000000 1.000000
0.988900 0.050433 -0.139764 11.304900 -0.057033 0.997419 -0.043619 19.886000 0.137204 0.051106 0.989224 -3.966000 0.000000 0.000000 0.000000 1.000000
0.987342 0.061432 -0.146223 11.304900 -0.068754 0.996593 -0.045555 19.886000 0.142926 0.055031 0.988202 -3.966000 0.000000 0.000000 0.000000 1.000000
0.983834 0.084711 -0.157781 11.304900 -0.093423 0.994438 -0.048630 19.886000 0.152784 0.062584 0.986276 -3.966000 0.000000 0.000000 0.000000 1.000000
0.978054 0.114308 -0.174197 11.304900 -0.125214 0.990717 -0.052923 19.886000 0.166530 0.073574 0.983288 -3.966000 0.000000 0.000000 0.000000 1.000000
0.967073 0.156109 -0.200995 11.304900 -0.171094 0.983464 -0.059368 19.886000 0.188403 0.091802 0.977792 -3.966000 0.000000 0.000000 0.000000 1.000000
0.962955 0.167441 -0.211379 11.304900 -0.184117 0.980966 -0.061701 19.886000 0.197025 0.098333 0.975455 -3.966000 0.000000 0.000000 0.000000 1.000000
0.972853 0.147718 -0.178146 11.304900 -0.159718 0.985633 -0.054938 19.886000 0.167472 0.081900 0.982469 -3.966000 0.000000 0.000000 0.000000 1.000000
0.987163 0.104268 -0.120987 11.304900 -0.110102 0.993008 -0.042564 19.886000 0.115703 0.055338 0.991741 -3.966000 0.000000 0.000000 0.000000 1.000000
0.996434 0.054276 -0.064597 11.304900 -0.056208 0.998013 -0.028476 19.886000 0.062923 0.032005 0.997505 -3.966000 0.000000 0.000000 0.000000 1.000000
0.999341 0.022253 -0.028690 11.304900 -0.022824 0.999544 -0.019748 19.886000 0.028238 0.020390 0.999393 -3.966000 0.000000 0.000000 0.000000 1.000000
0.999329 0.025384 -0.026420 11.304900 -0.025899 0.999478 -0.019336 19.886000 0.025915 0.020007 0.999464 -3.966000 0.000000 0.000000 0.000000 1.000000
0.998095 0.038524 -0.048192 11.304900 -0.039746 0.998905 -0.024660 19.886000 0.047190 0.026529 0.998534 -3.966000 0.000000 0.000000 0.000000 1.000000
0.995242 0.057679 -0.078532 11.304900 -0.060323 0.997674 -0.031731 19.886000 0.076519 0.036317 0.996406 -3.966000 0.000000 0.000000 0.000000 1.000000
0.991171 0.078245 -0.107037 11.304900 -0.082727 0.995844 -0.038090 19.886000 0.103612 0.046608 0.993525 -3.966000 0.000000 0.000000 0.000000 1.000000
0.986913 0.094055 -0.130981 11.304900 -0.100498 0.993987 -0.043471 19.886000 0.126105 0.056066 0.990431 -3.966000 0.000000 0.000000 0.000000 1.000000
0.980820 0.112216 -0.159370 11.304900 -0.121556 0.991320 -0.050092 19.886000 0.152366 0.068504 0.985947 -3.966000 0.000000 0.000000 0.000000 1.000000
0.980859 0.106880 -0.162761 11.304900 -0.116481 0.991903 -0.050607 19.886000 0.156035 0.068597 0.985367 -3.966000 0.000000 0.000000 0.000000 1.000000
0.984198 0.087850 -0.153740 11.304900 -0.096257 0.994193 -0.048104 19.886000 0.148621 0.062143 0.986940 -3.966000 0.000000 0.000000 0.000000 1.000000</float_array><technique_common><accessor source="#LeftShoulder-Matrix-animation-output-transform-array" count="19" stride="16"><param type="float4x4"/></accessor></technique_common></source><source id="LeftShoulder-Interpolations"><Name_array id="LeftShoulder-Interpolations-array" count="19">
 LINEAR LINEAR LINEAR LINEAR LINEAR LINEAR LINEAR LINEAR LINEAR LINEAR LINEAR
LINEAR LINEAR LINEAR LINEAR LINEAR LINEAR LINEAR LINEAR</Name_array><technique_common><accessor source="#LeftShoulder-Interpolations-array" count="19"><param type="name"/></accessor></technique_common></source><sampler id="LeftShoulder-Matrix-animation-transform"><input semantic="INPUT" source="#LeftShoulder-Matrix-animation-input"/><input semantic="OUTPUT" source="#LeftShoulder-Matrix-animation-output-transform"/><input semantic="INTERPOLATION" source="#LeftShoulder-Interpolations"/></sampler><channel source="#LeftShoulder-Matrix-animation-transform" target="LeftShoulder/matrix"/></animation>
    <animation id="LeftArm-anim" name="LeftArm"><source id="LeftArm-Matrix-animation-input"><float_array id="LeftArm-Matrix-animation-input-array" count="19">

0.000000 0.033333 0.066667 0.100000 0.133333 0.166667 0.200000 0.233333 0.266667 0.300000 0.333333 0.366667 0.400000 0.433333 0.466667 0.500000
0.533333 0.566667 0.600000</float_array><technique_common><accessor source="#LeftArm-Matrix-animation-input-array" count="19"><param name="TIME" type="float"/></accessor></technique_common></source><source id="LeftArm-Matrix-animation-output-transform"><float_array id="LeftArm-Matrix-animation-output-transform-array" count="304">

0.430045 0.900496 0.064565 11.306600 -0.403065 0.255498 -0.878783 -5.748200 -0.807836 0.351893 0.472834 -0.270300 0.000000 0.000000 0.000000 1.000000
0.428056 0.892340 0.143168 11.306600 -0.267120 0.276260 -0.923216 -5.748200 -0.863374 0.356944 0.356617 -0.270300 0.000000 0.000000 0.000000 1.000000
0.415852 0.892398 0.175193 11.306600 -0.309029 0.319838 -0.895659 -5.748200 -0.855318 0.318322 0.408782 -0.270300 0.000000 0.000000 0.000000 1.000000
0.385142 0.901823 0.195911 11.306600 -0.421451 0.360736 -0.832015 -5.748200 -0.821002 0.237877 0.519009 -0.270300 0.000000 0.000000 0.000000 1.000000
0.354443 0.911559 0.208401 11.306600 -0.545537 0.382595 -0.745661 -5.748200 -0.759447 0.150604 0.632897 -0.270300 0.000000 0.000000 0.000000 1.000000
0.372465 0.913221 0.165217 11.306600 -0.695974 0.392629 -0.601218 -5.748200 -0.613914 0.108946 0.781818 -0.270300 0.000000 0.000000 0.000000 1.000000
0.435722 0.897516 0.067902 11.306600 -0.811188 0.424260 -0.402464 -5.748200 -0.390027 0.120281 0.912914 -0.270300 0.000000 0.000000 0.000000 1.000000
0.481273 0.873985 -0.067282 11.306600 -0.875939 0.476594 -0.074755 -5.748200 -0.033269 0.094912 0.994930 -0.270300 0.000000 0.000000 0.000000 1.000000
0.495506 0.853970 -0.158774 11.306600 -0.802312 0.520018 0.293049 -5.748200 0.332820 -0.017821 0.942822 -0.270300 0.000000 0.000000 0.000000 1.000000
0.509929 0.836444 -0.200832 11.306600 -0.643655 0.525896 0.556006 -5.748200 0.570684 -0.154257 0.806551 -0.270300 0.000000 0.000000 0.000000 1.000000
0.568033 0.788232 -0.236706 11.306600 -0.514665 0.564646 0.645209 -5.748200 0.642229 -0.244675 0.726413 -0.270300 0.000000 0.000000 0.000000 1.000000
0.596791 0.743134 -0.302643 11.306600 -0.482538 0.633736 0.604595 -5.748200 0.641091 -0.214780 0.736798 -0.270300 0.000000 0.000000 0.000000 1.000000
0.591999 0.739567 -0.320277 11.306600 -0.594162 0.668995 0.446562 -5.748200 0.544526 -0.074068 0.835467 -0.270300 0.000000 0.000000 0.000000 1.000000
0.548174 0.783789 -0.291857 11.306600 -0.768744 0.609638 0.193321 -5.748200 0.329450 0.118390 0.936721 -0.270300 0.000000 0.000000 0.000000 1.000000
0.473819 0.847067 -0.240778 11.306600 -0.880047 0.465350 -0.094696 -5.748200 0.031833 0.256765 0.965950 -0.270300 0.000000 0.000000 0.000000 1.000000
0.424242 0.892287 -0.154414 11.306600 -0.874475 0.359396 -0.325774 -5.748200 -0.235188 0.273238 0.932753 -0.270300 0.000000 0.000000 0.000000 1.000000
0.385290 0.921310 -0.052333 11.306600 -0.813969 0.312588 -0.489636 -5.748200 -0.434747 0.231250 0.870355 -0.270300 0.000000 0.000000 0.000000 1.000000
0.372958 0.927786 -0.010742 11.306600 -0.709761 0.277820 -0.647345 -5.748200 -0.597613 0.249057 0.762122 -0.270300 0.000000 0.000000 0.000000 1.000000
0.407108 0.913194 0.018450 11.306600 -0.551325 0.261789 -0.792154 -5.748200 -0.728220 0.312320 0.610043 -0.270300 0.000000 0.000000 0.000000 1.000000</float_array><technique_common><accessor source="#LeftArm-Matrix-animation-output-transform-array" count="19" stride="16"><param type="float4x4"/></accessor></technique_common></source><source id="LeftArm-Interpolations"><Name_array id="LeftArm-Interpolations-array" count="19">
 LINEAR LINEAR LINEAR LINEAR LINEAR LINEAR LINEAR LINEAR LINEAR LINEAR LINEAR
LINEAR LINEAR LINEAR LINEAR LINEAR LINEAR LINEAR LINEAR</Name_array><technique_common><accessor source="#LeftArm-Interpolations-array" count="19"><param type="name"/></accessor></technique_common></source><sampler id="LeftArm-Matrix-animation-transform"><input semantic="INPUT" source="#LeftArm-Matrix-animation-input"/><input semantic="OUTPUT" source="#LeftArm-Matrix-animation-output-transform"/><input semantic="INTERPOLATION" source="#LeftArm-Interpolations"/></sampler><channel source="#LeftArm-Matrix-animation-transform" target="LeftArm/matrix"/></animation>
    <animation id="LeftForeArm-anim" name="LeftForeArm"><source id="LeftForeArm-Matrix-animation-input"><float_array id="LeftForeArm-Matrix-animation-input-array" count="19">

0.000000 0.033333 0.066667 0.100000 0.133333 0.166667 0.200000 0.233333 0.266667 0.300000 0.333333 0.366667 0.400000 0.433333 0.466667 0.500000
0.533333 0.566667 0.600000</float_array><technique_common><accessor source="#LeftForeArm-Matrix-animation-input-array" count="19"><param name="TIME" type="float"/></accessor></technique_common></source><source id="LeftForeArm-Matrix-animation-output-transform"><float_array id="LeftForeArm-Matrix-animation-output-transform-array" count="304">

0.302364 -0.000002 -0.953193 30.736700 -0.000003 1.000000 -0.000003 0.000100 0.953193 0.000004 0.302364 -0.000100 0.000000 0.000000 0.000000 1.000000
0.149002 -0.000004 -0.988837 30.736700 -0.000003 1.000000 -0.000004 0.000100 0.988837 0.000004 0.149002 -0.000100 0.000000 0.000000 0.000000 1.000000
0.150125 -0.000004 -0.988667 30.736700 -0.000003 1.000000 -0.000004 0.000100 0.988667 0.000004 0.150125 -0.000100 0.000000 0.000000 0.000000 1.000000
0.213134 -0.000003 -0.977023 30.736700 -0.000003 1.000000 -0.000004 0.000100 0.977023 0.000004 0.213134 -0.000100 0.000000 0.000000 0.000000 1.000000
0.227807 -0.001325 -0.973705 30.736700 0.011457 0.999933 0.001320 0.000100 0.973639 -0.011457 0.227808 -0.000100 0.000000 0.000000 0.000000 1.000000
0.129108 -0.000003 -0.991631 30.736700 -0.000003 1.000000 -0.000003 0.000100 0.991631 0.000004 0.129108 -0.000100 0.000000 0.000000 0.000000 1.000000
-0.102433 -0.002728 -0.994736 30.736700 -0.053009 0.998590 0.002720 0.000100 0.993326 0.053009 -0.102433 -0.000100 0.000000 0.000000 0.000000 1.000000
-0.204744 0.003216 -0.978810 30.736700 0.031105 0.999511 -0.003222 0.000100 0.978321 -0.031106 -0.204744 -0.000100 0.000000 0.000000 0.000000 1.000000
-0.230957 -0.000003 -0.972964 30.736700 -0.000004 1.000000 -0.000002 0.000100 0.972964 0.000004 -0.230957 -0.000100 0.000000 0.000000 0.000000 1.000000
-0.188260 -0.000004 -0.982119 30.736700 -0.000004 1.000000 -0.000004 0.000100 0.982119 0.000004 -0.188260 -0.000100 0.000000 0.000000 0.000000 1.000000
-0.251613 -0.000004 -0.967828 30.736700 -0.000004 1.000000 -0.000003 0.000100 0.967828 0.000004 -0.251613 -0.000100 0.000000 0.000000 0.000000 1.000000
-0.398160 -0.000004 -0.917316 30.736700 -0.000005 1.000000 -0.000003 0.000100 0.917316 0.000003 -0.398160 -0.000100 0.000000 0.000000 0.000000 1.000000
-0.459736 -0.000005 -0.888055 30.736700 -0.000005 1.000000 -0.000003 0.000100 0.888055 0.000003 -0.459736 -0.000100 0.000000 0.000000 0.000000 1.000000
-0.419548 -0.000004 -0.907733 30.736700 -0.000004 1.000000 -0.000003 0.000100 0.907733 0.000002 -0.419548 -0.000100 0.000000 0.000000 0.000000 1.000000
-0.266022 0.001808 -0.963965 30.736700 0.013375 0.999909 -0.001815 0.000100 0.963874 -0.013376 -0.266022 -0.000100 0.000000 0.000000 0.000000 1.000000
-0.037421 -0.000004 -0.999300 30.736700 -0.000003 1.000000 -0.000004 0.000100 0.999300 0.000003 -0.037421 -0.000100 0.000000 0.000000 0.000000 1.000000
0.224872 0.013297 -0.974297 30.736700 -0.116361 0.993118 -0.013303 0.000100 0.967415 0.116362 0.224872 -0.000100 0.000000 0.000000 0.000000 1.000000
0.420399 -0.014098 -0.907230 30.736700 0.063875 0.997858 0.014093 0.000100 0.905088 -0.063874 0.420400 -0.000100 0.000000 0.000000 0.000000 1.000000
0.418228 -0.000002 -0.908342 30.736700 -0.000003 1.000000 -0.000003 0.000100 0.908342 0.000004 0.418228 -0.000100 0.000000 0.000000 0.000000 1.000000</float_array><technique_common><accessor source="#LeftForeArm-Matrix-animation-output-transform-array" count="19" stride="16"><param type="float4x4"/></accessor></technique_common></source><source id="LeftForeArm-Interpolations"><Name_array id="LeftForeArm-Interpolations-array" count="19">
 LINEAR LINEAR LINEAR LINEAR LINEAR LINEAR LINEAR LINEAR LINEAR LINEAR LINEAR
LINEAR LINEAR LINEAR LINEAR LINEAR LINEAR LINEAR LINEAR</Name_array><technique_common><accessor source="#LeftForeArm-Interpolations-array" count="19"><param type="name"/></accessor></technique_common></source><sampler id="LeftForeArm-Matrix-animation-transform"><input semantic="INPUT" source="#LeftForeArm-Matrix-animation-input"/><input semantic="OUTPUT" source="#LeftForeArm-Matrix-animation-output-transform"/><input semantic="INTERPOLATION" source="#LeftForeArm-Interpolations"/></sampler><channel source="#LeftForeArm-Matrix-animation-transform" target="LeftForeArm/matrix"/></animation>
