<?xml version="1.0" encoding="utf-8"?>
<COLLADA xmlns="http://www.collada.org/2005/11/COLLADASchema" version="1.4.1">
  <asset><contributor><author>Mixamo</author><authoring_tool>COLLADA Mixamo exporter</authoring_tool><comments></comments></contributor><created>2018-06-07T23:55:54Z</created><modified>2018-06-07T23:55:54Z</modified><revision></revision><title></title><unit meter="0.010000"/><up_axis>Y_UP</up_axis></asset>
  <library_animations>
    <animation id="Hips-anim" name="Hips"><source id="Hips-Matrix-animation-input"><float_array id="Hips-Matrix-animation-input-array" count="32">

0.000000 0.033333 0.066667 0.100000 0.133333 0.166667 0.200000 0.233333 0.266667 0.300000 0.333333 0.366667 0.400000 0.433333 0.466667 0.500000
0.533333 0.566667 0.600000 0.633333 0.666667 0.700000 0.733333 0.766667 0.800000 0.833333 0.866667 0.900000 0.933333 0.966667 1.000000 1.033333</float_array><technique_common><accessor source="#Hips-Matrix-animation-input-array" count="32"><param name="TIME" type="float"/></accessor></technique_common></source><source id="Hips-Matrix-animation-output-transform"><float_array id="Hips-Matrix-animation-output-transform-array" count="512">

0.728070 0.053793 -0.683389 1.194213 -0.000910 0.996991 0.077509 109.205528 0.685502 -0.055810 0.725928 -1.396147 0.000000 0.000000 0.000000 1.000000
0.728137 0.052992 -0.683380 1.957762 -0.011884 0.997833 0.064714 109.215279 0.685329 -0.038999 0.727189 -0.562715 0.000000 0.000000 0.000000 1.000000
0.728383 0.049677 -0.683367 3.801678 -0.026827 0.998671 0.044003 109.408997 0.684645 -0.013719 0.728748 0.890092 0.000000 0.000000 0.000000 1.000000
0.728698 0.046275 -0.683270 6.283598 -0.043298 0.998831 0.021470 109.723175 0.683465 0.013939 0.729850 2.352909 0.000000 0.000000 0.000000 1.000000
0.729073 0.042955 -0.683086 8.888510 -0.058062 0.998313 0.000806 110.144913 0.681968 0.039074 0.730337 3.396833 0.000000 0.000000 0.000000 1.000000
0.729609 0.037454 -0.682838 11.307134 -0.068449 0.997484 -0.018426 110.690689 0.680430 0.060184 0.730338 3.977960 0.000000 0.000000 0.000000 1.000000
0.730102 0.031554 -0.682609 13.601331 -0.074592 0.996644 -0.033711 110.940216 0.679255 0.075530 0.730006 4.201902 0.000000 0.000000 0.000000 1.000000
0.730774 0.023269 -0.682222 15.547744 -0.074618 0.996153 -0.045952 110.890747 0.678528 0.084487 0.729699 4.032189 0.000000 0.000000 0.000000 1.000000
0.731469 0.013981 -0.681732 17.207952 -0.070933 0.995926 -0.055684 110.720871 0.678175 0.089088 0.729480 3.614163 0.000000 0.000000 0.000000 1.000000
0.732014 0.004719 -0.681274 18.644197 -0.065462 0.995836 -0.063440 110.577385 0.678138 0.091036 0.729275 3.027330 0.000000 0.000000 0.000000 1.000000
0.732329 -0.004382 -0.680937 19.878559 -0.058976 0.995814 -0.069835 110.535728 0.678392 0.091301 0.729005 2.253729 0.000000 0.000000 0.000000 1.000000
0.732454 -0.013910 -0.680674 20.924124 -0.051923 0.995738 -0.076221 110.641968 0.678834 0.091171 0.728610 1.233997 0.000000 0.000000 0.000000 1.000000
0.732383 -0.023077 -0.680502 21.777414 -0.045778 0.995495 -0.083027 110.902237 0.679352 0.091960 0.728028 -0.044115 0.000000 0.000000 0.000000 1.000000
0.732054 -0.030247 -0.680574 22.412985 -0.041693 0.995152 -0.089075 111.232903 0.679969 0.093583 0.727244 -1.559826 0.000000 0.000000 0.000000 1.000000
0.731433 -0.034514 -0.681040 22.795918 -0.039700 0.994869 -0.093055 111.499313 0.680757 0.095101 0.726310 -3.265782 0.000000 0.000000 0.000000 1.000000
0.730522 -0.035865 -0.681946 22.885250 -0.038869 0.994817 -0.093958 111.549545 0.681782 0.095145 0.725342 -5.090328 0.000000 0.000000 0.000000 1.000000
0.729511 -0.034223 -0.683112 22.626978 -0.039285 0.995002 -0.091802 111.339348 0.682840 0.093806 0.724521 -6.941720 0.000000 0.000000 0.000000 1.000000
0.728508 -0.031178 -0.684327 22.042818 -0.039481 0.995392 -0.087380 110.921486 0.683898 0.090675 0.723921 -8.634686 0.000000 0.000000 0.000000 1.000000
0.727463 -0.028699 -0.685547 21.228519 -0.037822 0.995929 -0.081827 110.331093 0.685104 0.085455 0.723416 -10.170256 0.000000 0.000000 0.000000 1.000000
0.726821 -0.025802 -0.686343 19.887609 -0.032937 0.996835 -0.072354 109.915009 0.686037 0.075195 0.723670 -10.691666 0.000000 0.000000 0.000000 1.000000
0.726613 -0.021527 -0.686710 18.068806 -0.026080 0.997924 -0.058878 109.811852 0.686552 0.060691 0.724543 -10.219373 0.000000 0.000000 0.000000 1.000000
0.726347 -0.017343 -0.687109 16.177996 -0.018666 0.998815 -0.044943 109.739761 0.687075 0.045470 0.725163 -9.663009 0.000000 0.000000 0.000000 1.000000
0.726030 -0.013088 -0.687538 14.248029 -0.011053 0.999468 -0.030699 109.689484 0.687574 0.029888 0.725499 -9.035224 0.000000 0.000000 0.000000 1.000000
0.725683 -0.008600 -0.687975 12.311764 -0.003597 0.999861 -0.016293 109.651810 0.688020 0.014298 0.725551 -8.348667 0.000000 0.000000 0.000000 1.000000
0.725341 -0.003719 -0.688380 10.402052 0.003348 0.999993 -0.001874 109.617477 0.688382 -0.000946 0.725348 -7.615990 0.000000 0.000000 0.000000 1.000000
0.725052 0.001710 -0.688692 8.551746 0.009431 0.999878 0.012412 109.577271 0.688630 -0.015494 0.724948 -6.849840 0.000000 0.000000 0.000000 1.000000
0.724873 0.007838 -0.688837 6.793703 0.014300 0.999549 0.026422 109.521950 0.688734 -0.029003 0.724434 -6.062866 0.000000 0.000000 0.000000 1.000000
0.725063 0.015724 -0.688503 5.194744 0.016690 0.999044 0.040393 109.438484 0.688480 -0.040778 0.724108 -5.172940 0.000000 0.000000 0.000000 1.000000
0.725914 0.026522 -0.687274 3.824620 0.015173 0.998395 0.054555 109.327454 0.687618 -0.050030 0.724347 -4.052727 0.000000 0.000000 0.000000 1.000000
0.727003 0.038136 -0.685574 2.630494 0.011547 0.997636 0.067740 109.216225 0.686537 -0.057163 0.724845 -2.882124 0.000000 0.000000 0.000000 1.000000
0.727888 0.048372 -0.683987 1.554809 0.007742 0.996865 0.078738 109.132996 0.685652 -0.062608 0.725232 -1.853431 0.000000 0.000000 0.000000 1.000000
0.728062 0.052885 -0.683469 1.236441 0.000970 0.996939 0.078175 109.186264 0.685511 -0.057579 0.725782 -1.466496 0.000000 0.000000 0.000000 1.000000</float_array><technique_common><accessor source="#Hips-Matrix-animation-output-transform-array" count="32" stride="16"><param type="float4x4"/></accessor></technique_common></source><source id="Hips-Interpolations"><Name_array id="Hips-Interpolations-array" count="32">
 LINEAR LINEAR LINEAR LINEAR LINEAR LINEAR LINEAR LINEAR LINEAR LINEAR LINEAR
LINEAR LINEAR LINEAR LINEAR LINEAR LINEAR LINEAR LINEAR LINEAR LINEAR LINEAR LINEAR
LINEAR LINEAR LINEAR LINEAR LINEAR LINEAR LINEAR LINEAR LINEAR</Name_array><technique_common><accessor source="#Hips-Interpolations-array" count="32"><param type="name"/></accessor></technique_common></source><sampler id="Hips-Matrix-animation-transform"><input semantic="INPUT" source="#Hips-Matrix-animation-input"/><input semantic="OUTPUT" source="#Hips-Matrix-animation-output-transform"/><input semantic="INTERPOLATION" source="#Hips-Interpolations"/></sampler><channel source="#Hips-Matrix-animation-transform" target="Hips/matrix"/></animation>
    <animation id="Spine-anim" name="Spine"><source id="Spine-Matrix-animation-input"><float_array id="Spine-Matrix-animation-input-array" count="32">

0.000000 0.033333 0.066667 0.100000 0.133333 0.166667 0.200000 0.233333 0.266667 0.300000 0.333333 0.366667 0.400000 0.433333 0.466667 0.500000
0.533333 0.566667 0.600000 0.633333 0.666667 0.700000 0.733333 0.766667 0.800000 0.833333 0.866667 0.900000 0.933333 0.966667 1.000000 1.033333</float_array><technique_common><accessor source="#Spine-Matrix-animation-input-array" count="32"><param name="TIME" type="float"/></accessor></technique_common></source><source id="Spine-Matrix-animation-output-transform"><float_array id="Spine-Matrix-animation-output-transform-array" count="512">

0.996410 0.018236 0.082668 -0.000000 -0.009826 0.994836 -0.101020 13.214800 -0.084083 0.099845 0.991444 0.000000 0.000000 0.000000 0.000000 1.000000
0.996413 0.014808 0.083323 -0.000000 -0.006550 0.995114 -0.098512 13.214800 -0.084375 0.097613 0.991641 0.000000 0.000000 0.000000 0.000000 1.000000
0.996401 0.009524 0.084230 0.000000 -0.001384 0.995364 -0.096171 13.214800 -0.084755 0.095709 0.991795 -0.000000 0.000000 0.000000 0.000000 1.000000
0.996342 0.003566 0.085383 -0.000000 0.004528 0.995523 -0.094413 13.214800 -0.085338 0.094454 0.991865 0.000000 0.000000 0.000000 0.000000 1.000000
0.996243 -0.001512 0.086587 0.000000 0.009631 0.995580 -0.093421 13.214800 -0.086063 0.093904 0.991854 0.000000 0.000000 0.000000 0.000000 1.000000
0.996156 -0.004327 0.087489 0.000000 0.012500 0.995580 -0.093080 13.214800 -0.086700 0.093815 0.991807 -0.000000 0.000000 0.000000 0.000000 1.000000
0.996128 -0.003982 0.087827 -0.000000 0.012181 0.995590 -0.093014 13.214800 -0.087069 0.093724 0.991784 0.000000 0.000000 0.000000 0.000000 1.000000
0.996184 0.000653 0.087272 0.000000 0.007505 0.995627 -0.093112 13.214800 -0.086952 0.093411 0.991823 0.000000 0.000000 0.000000 0.000000 1.000000
0.996246 0.007064 0.086273 0.000000 0.001016 0.995641 -0.093261 13.214800 -0.086556 0.092999 0.991897 0.000000 0.000000 0.000000 0.000000 1.000000
0.996271 0.013471 0.085216 0.000000 -0.005469 0.995609 -0.093449 13.214800 -0.086100 0.092635 0.991971 0.000000 0.000000 0.000000 0.000000 1.000000
0.996254 0.019380 0.084281 -0.000000 -0.011438 0.995534 -0.093713 13.214800 -0.085720 0.092398 0.992026 0.000000 0.000000 0.000000 0.000000 1.000000
0.996214 0.024286 0.083468 0.000000 -0.016407 0.995455 -0.093811 13.214800 -0.085367 0.092087 0.992085 0.000000 0.000000 0.000000 0.000000 1.000000
0.996189 0.027227 0.082867 -0.000000 -0.019416 0.995417 -0.093637 13.214800 -0.085037 0.091671 0.992152 0.000000 0.000000 0.000000 0.000000 1.000000
0.996196 0.027764 0.082597 0.000000 -0.019994 0.995423 -0.093455 13.214800 -0.084814 0.091448 0.992191 0.000000 0.000000 0.000000 0.000000 1.000000
0.996229 0.026407 0.082647 0.000000 -0.018621 0.995436 -0.093599 13.214800 -0.084742 0.091707 0.992174 -0.000000 0.000000 0.000000 0.000000 1.000000
0.996262 0.024360 0.082879 -0.000000 -0.016490 0.995403 -0.094343 13.214800 -0.084796 0.092624 0.992084 0.000000 0.000000 0.000000 0.000000 1.000000
0.996303 0.021588 0.083158 -0.000000 -0.013595 0.995336 -0.095511 13.214800 -0.084832 0.094027 0.991949 0.000000 0.000000 0.000000 0.000000 1.000000
0.996347 0.018658 0.083334 -0.000000 -0.010538 0.995244 -0.096841 13.214800 -0.084745 0.095609 0.991805 0.000000 0.000000 0.000000 0.000000 1.000000
0.996391 0.016722 0.083220 -0.000000 -0.008486 0.995115 -0.098353 13.214800 -0.084459 0.097292 0.991666 0.000000 0.000000 0.000000 0.000000 1.000000
0.996416 0.016588 0.082941 0.000000 -0.008263 0.994981 -0.099718 13.214800 -0.084179 0.098676 0.991553 0.000000 0.000000 0.000000 0.000000 1.000000
0.996420 0.017298 0.082757 0.000000 -0.008895 0.994861 -0.100855 13.214800 -0.084076 0.099757 0.991453 0.000000 0.000000 0.000000 0.000000 1.000000
0.996420 0.018163 0.082563 0.000000 -0.009677 0.994733 -0.102044 13.214800 -0.083982 0.100880 0.991348 -0.000000 0.000000 0.000000 0.000000 1.000000
0.996419 0.019106 0.082371 -0.000000 -0.010538 0.994602 -0.103227 13.214800 -0.083898 0.101989 0.991241 0.000000 0.000000 0.000000 0.000000 1.000000
0.996415 0.020054 0.082188 -0.000000 -0.011409 0.994476 -0.104346 13.214800 -0.083826 0.103034 0.991139 -0.000000 0.000000 0.000000 0.000000 1.000000
0.996410 0.020933 0.082024 0.000000 -0.012219 0.994361 -0.105340 13.214800 -0.083767 0.103960 0.991048 0.000000 0.000000 0.000000 0.000000 1.000000
0.996406 0.021669 0.081891 0.000000 -0.012898 0.994266 -0.106153 13.214800 -0.083722 0.104715 0.990972 0.000000 0.000000 0.000000 0.000000 1.000000
0.996402 0.022186 0.081799 0.000000 -0.013376 0.994199 -0.106724 13.214800 -0.083692 0.105246 0.990918 0.000000 0.000000 0.000000 0.000000 1.000000
0.996400 0.022273 0.081799 0.000000 -0.013458 0.994192 -0.106780 13.214800 -0.083702 0.105294 0.990912 0.000000 0.000000 0.000000 0.000000 1.000000
0.996399 0.021719 0.081954 -0.000000 -0.012956 0.994284 -0.105982 13.214800 -0.083787 0.104539 0.990985 0.000000 0.000000 0.000000 0.000000 1.000000
0.996400 0.020827 0.082181 -0.000000 -0.012148 0.994427 -0.104727 13.214800 -0.083904 0.103352 0.991100 -0.000000 0.000000 0.000000 0.000000 1.000000
0.996401 0.019920 0.082393 0.000000 -0.011330 0.994571 -0.103440 13.214800 -0.084006 0.102134 0.991217 0.000000 0.000000 0.000000 0.000000 1.000000
0.996408 0.018595 0.082612 0.000000 -0.010147 0.994780 -0.101535 13.214800 -0.084069 0.100332 0.991396 -0.000000 0.000000 0.000000 0.000000 1.000000</float_array><technique_common><accessor source="#Spine-Matrix-animation-output-transform-array" count="32" stride="16"><param type="float4x4"/></accessor></technique_common></source><source id="Spine-Interpolations"><Name_array id="Spine-Interpolations-array" count="32">
 LINEAR LINEAR LINEAR LINEAR LINEAR LINEAR LINEAR LINEAR LINEAR LINEAR LINEAR
LINEAR LINEAR LINEAR LINEAR LINEAR LINEAR LINEAR LINEAR LINEAR LINEAR LINEAR LINEAR
LINEAR LINEAR LINEAR LINEAR LINEAR LINEAR LINEAR LINEAR LINEAR</Name_array><technique_common><accessor source="#Spine-Interpolations-array" count="32"><param type="name"/></accessor></technique_common></source><sampler id="Spine-Matrix-animation-transform"><input semantic="INPUT" source="#Spine-Matrix-animation-input"/><input semantic="OUTPUT" source="#Spine-Matrix-animation-output-transform"/><input semantic="INTERPOLATION" source="#Spine-Interpolations"/></sampler><channel source="#Spine-Matrix-animation-transform" target="Spine/matrix"/></animation>
    <animation id="Spine1-anim" name="Spine1"><source id="Spine1-Matrix-animation-input"><float_array id="Spine1-Matrix-animation-input-array" count="32">

0.000000 0.033333 0.066667 0.100000 0.133333 0.166667 0.200000 0.233333 0.266667 0.300000 0.333333 0.366667 0.400000 0.433333 0.466667 0.500000
0.533333 0.566667 0.600000 0.633333 0.666667 0.700000 0.733333 0.766667 0.800000 0.833333 0.866667 0.900000 0.933333 0.966667 1.000000 1.033333</float_array><technique_common><accessor source="#Spine1-Matrix-animation-input-array" count="32"><param name="TIME" type="float"/></accessor></technique_common></source><source id="Spine1-Matrix-animation-output-transform"><float_array id="Spine1-Matrix-animation-output-transform-array" count="512">

0.986155 0.053132 0.157083 -0.007800 -0.020481 0.979053 -0.202574 9.224200 -0.164556 0.196552 0.966586 0.000000 0.000000 0.000000 0.000000 1.000000
0.986065 0.049861 0.158710 -0.007800 -0.017717 0.980076 -0.197832 9.224200 -0.165412 0.192264 0.967302 0.000000 0.000000 0.000000 0.000000 1.000000
0.985928 0.046183 0.160663 -0.007800 -0.014391 0.980961 -0.193669 9.224200 -0.166548 0.188632 0.967822 0.000000 0.000000 0.000000 0.000000 1.000000
0.985750 0.042282 0.162816 -0.007800 -0.010600 0.981584 -0.190736 9.224200 -0.167882 0.186292 0.968045 -0.000000 0.000000 0.000000 0.000000 1.000000
0.985564 0.038724 0.164813 -0.007800 -0.006940 0.981912 -0.189210 9.224200 -0.169159 0.185335 0.968006 -0.000000 0.000000 0.000000 0.000000 1.000000
0.985429 0.036318 0.166165 -0.007800 -0.004368 0.982020 -0.188727 9.224200 -0.170032 0.185252 0.967869 0.000000 0.000000 0.000000 0.000000 1.000000
0.985393 0.035719 0.166507 -0.007800 -0.003751 0.982071 -0.188475 9.224200 -0.170254 0.185097 0.967860 0.000000 0.000000 0.000000 0.000000 1.000000
0.985422 0.036556 0.166151 -0.007800 -0.004740 0.982161 -0.187982 9.224200 -0.170059 0.184454 0.968017 0.000000 0.000000 0.000000 0.000000 1.000000
0.985473 0.038547 0.165402 -0.007800 -0.006961 0.982251 -0.187441 9.224200 -0.169692 0.183567 0.968250 0.000000 0.000000 0.000000 0.000000 1.000000
0.985509 0.041556 0.164451 -0.007800 -0.010196 0.982285 -0.187116 9.224200 -0.169314 0.182728 0.968475 0.000000 0.000000 0.000000 0.000000 1.000000
0.985514 0.045600 0.163350 -0.007800 -0.014426 0.982223 -0.187164 9.224200 -0.168980 0.182097 0.968652 0.000000 0.000000 0.000000 0.000000 1.000000
0.985473 0.050805 0.162056 -0.007800 -0.019848 0.982120 -0.187204 9.224200 -0.168670 0.181268 0.968861 0.000000 0.000000 0.000000 0.000000 1.000000
0.985369 0.056706 0.160723 -0.007800 -0.025992 0.981994 -0.187116 9.224200 -0.168440 0.180201 0.969100 0.000000 0.000000 0.000000 0.000000 1.000000
0.985212 0.062600 0.159494 -0.007800 -0.032043 0.981762 -0.187395 9.224200 -0.168316 0.179513 0.969250 -0.000000 0.000000 0.000000 0.000000 1.000000
0.985044 0.067762 0.158420 -0.007800 -0.037189 0.981364 -0.188523 9.224200 -0.168243 0.179812 0.969207 0.000000 0.000000 0.000000 0.000000 1.000000
0.984929 0.071554 0.157463 -0.007800 -0.040755 0.980789 -0.190768 9.224200 -0.168088 0.181475 0.968924 0.000000 0.000000 0.000000 0.000000 1.000000
0.984925 0.073571 0.156560 -0.007800 -0.042417 0.980136 -0.193740 9.224200 -0.167703 0.184179 0.968480 -0.000000 0.000000 0.000000 0.000000 1.000000
0.985020 0.074022 0.155744 -0.007800 -0.042482 0.979510 -0.196863 9.224200 -0.167125 0.187298 0.967982 0.000000 0.000000 0.000000 0.000000 1.000000
0.985176 0.073613 0.154948 -0.007800 -0.041677 0.978895 -0.200069 9.224200 -0.166405 0.190645 0.967452 -0.000000 0.000000 0.000000 0.000000 1.000000
0.985316 0.072709 0.154486 -0.007800 -0.040429 0.978419 -0.202638 9.224200 -0.165886 0.193416 0.966991 -0.000000 0.000000 0.000000 0.000000 1.000000
0.985407 0.071669 0.154392 -0.007800 -0.039076 0.978063 -0.204613 9.224200 -0.165670 0.195594 0.966590 0.000000 0.000000 0.000000 0.000000 1.000000
0.985492 0.070651 0.154321 -0.007800 -0.037728 0.977683 -0.206670 9.224200 -0.165478 0.197850 0.966164 -0.000000 0.000000 0.000000 0.000000 1.000000
0.985571 0.069625 0.154278 -0.007800 -0.036371 0.977303 -0.208703 9.224200 -0.165307 0.200080 0.965734 0.000000 0.000000 0.000000 0.000000 1.000000
0.985647 0.068559 0.154271 -0.007800 -0.034990 0.976945 -0.210603 9.224200 -0.165153 0.202183 0.965322 0.000000 0.000000 0.000000 0.000000 1.000000
0.985720 0.067422 0.154305 -0.007800 -0.033572 0.976635 -0.212266 9.224200 -0.165011 0.204055 0.964952 0.000000 0.000000 0.000000 0.000000 1.000000
0.985791 0.066184 0.154387 -0.007800 -0.032103 0.976397 -0.213584 9.224200 -0.164878 0.205593 0.964648 0.000000 0.000000 0.000000 0.000000 1.000000
0.985861 0.064812 0.154521 -0.007800 -0.030568 0.976256 -0.214452 9.224200 -0.164751 0.206697 0.964434 0.000000 0.000000 0.000000 0.000000 1.000000
0.985930 0.063143 0.154771 -0.007800 -0.028880 0.976330 -0.214350 9.224200 -0.164642 0.206864 0.964417 0.000000 0.000000 0.000000 0.000000 1.000000
0.985995 0.060976 0.155225 -0.007800 -0.026931 0.976762 -0.212628 9.224200 -0.164583 0.205469 0.964725 0.000000 0.000000 0.000000 0.000000 1.000000
0.986055 0.058567 0.155775 -0.007800 -0.024870 0.977377 -0.210039 9.224200 -0.164552 0.203235 0.965204 0.000000 0.000000 0.000000 0.000000 1.000000
0.986108 0.056193 0.156311 -0.007800 -0.022856 0.977991 -0.207393 9.224200 -0.164525 0.200939 0.965689 0.000000 0.000000 0.000000 0.000000 1.000000
0.986147 0.053752 0.156925 -0.007800 -0.020955 0.978831 -0.203596 9.224200 -0.164547 0.197488 0.966397 0.000000 0.000000 0.000000 0.000000 1.000000</float_array><technique_common><accessor source="#Spine1-Matrix-animation-output-transform-array" count="32" stride="16"><param type="float4x4"/></accessor></technique_common></source><source id="Spine1-Interpolations"><Name_array id="Spine1-Interpolations-array" count="32">
 LINEAR LINEAR LINEAR LINEAR LINEAR LINEAR LINEAR LINEAR LINEAR LINEAR LINEAR
LINEAR LINEAR LINEAR LINEAR LINEAR LINEAR LINEAR LINEAR LINEAR LINEAR LINEAR LINEAR
LINEAR LINEAR LINEAR LINEAR LINEAR LINEAR LINEAR LINEAR LINEAR</Name_array><technique_common><accessor source="#Spine1-Interpolations-array" count="32"><param type="name"/></accessor></technique_common></source><sampler id="Spine1-Matrix-animation-transform"><input semantic="INPUT" source="#Spine1-Matrix-animation-input"/><input semantic="OUTPUT" source="#Spine1-Matrix-animation-output-transform"/><input semantic="INTERPOLATION" source="#Spine1-Interpolations"/></sampler><channel source="#Spine1-Matrix-animation-transform" target="Spine1/matrix"/></animation>
    <animation id="Spine2-anim" name="Spine2"><source id="Spine2-Matrix-animation-input"><float_array id="Spine2-Matrix-animation-input-array" count="32">

0.000000 0.033333 0.066667 0.100000 0.133333 0.166667 0.200000 0.233333 0.266667 0.300000 0.333333 0.366667 0.400000 0.433333 0.466667 0.500000
0.533333 0.566667 0.600000 0.633333 0.666667 0.700000 0.733333 0.766667 0.800000 0.833333 0.866667 0.900000 0.933333 0.966667 1.000000 1.033333</float_array><technique_common><accessor source="#Spine2-Matrix-animation-input-array" count="32"><param name="TIME" type="float"/></accessor></technique_common></source><source id="Spine2-Matrix-animation-output-transform"><float_array id="Spine2-Matrix-animation-output-transform-array" count="512">

0.986155 0.053132 0.157083 -0.005300 -0.020481 0.979053 -0.202574 11.063000 -0.164555 0.196552 0.966586 0.000000 0.000000 0.000000 0.000000 1.000000
0.986065 0.049861 0.158710 -0.005300 -0.017717 0.980076 -0.197832 11.063000 -0.165412 0.192264 0.967302 -0.000000 0.000000 0.000000 0.000000 1.000000
0.985928 0.046183 0.160663 -0.005300 -0.014391 0.980961 -0.193669 11.063000 -0.166548 0.188632 0.967822 -0.000000 0.000000 0.000000 0.000000 1.000000
0.985750 0.042282 0.162816 -0.005300 -0.010600 0.981584 -0.190736 11.063000 -0.167882 0.186292 0.968045 -0.000000 0.000000 0.000000 0.000000 1.000000
0.985564 0.038724 0.164813 -0.005300 -0.006940 0.981912 -0.189210 11.063000 -0.169159 0.185335 0.968006 0.000000 0.000000 0.000000 0.000000 1.000000
0.985429 0.036318 0.166165 -0.005300 -0.004368 0.982020 -0.188727 11.063000 -0.170032 0.185251 0.967869 -0.000000 0.000000 0.000000 0.000000 1.000000
0.985393 0.035719 0.166507 -0.005300 -0.003751 0.982071 -0.188475 11.063000 -0.170254 0.185097 0.967860 0.000000 0.000000 0.000000 0.000000 1.000000
0.985422 0.036556 0.166151 -0.005300 -0.004740 0.982161 -0.187982 11.063000 -0.170059 0.184454 0.968017 -0.000000 0.000000 0.000000 0.000000 1.000000
0.985473 0.038547 0.165402 -0.005300 -0.006961 0.982251 -0.187441 11.063000 -0.169692 0.183567 0.968250 0.000000 0.000000 0.000000 0.000000 1.000000
0.985509 0.041556 0.164451 -0.005300 -0.010196 0.982285 -0.187116 11.063000 -0.169314 0.182728 0.968475 0.000000 0.000000 0.000000 0.000000 1.000000
0.985514 0.045600 0.163349 -0.005300 -0.014426 0.982223 -0.187164 11.063000 -0.168980 0.182097 0.968652 0.000000 0.000000 0.000000 0.000000 1.000000
0.985473 0.050805 0.162056 -0.005300 -0.019848 0.982120 -0.187204 11.063000 -0.168670 0.181269 0.968861 -0.000000 0.000000 0.000000 0.000000 1.000000
0.985369 0.056706 0.160723 -0.005300 -0.025992 0.981994 -0.187116 11.063000 -0.168440 0.180201 0.969100 0.000000 0.000000 0.000000 0.000000 1.000000
0.985212 0.062600 0.159494 -0.005300 -0.032043 0.981762 -0.187395 11.063000 -0.168316 0.179513 0.969250 0.000000 0.000000 0.000000 0.000000 1.000000
0.985044 0.067762 0.158420 -0.005300 -0.037189 0.981364 -0.188523 11.063000 -0.168243 0.179812 0.969207 -0.000000 0.000000 0.000000 0.000000 1.000000
0.984929 0.071554 0.157463 -0.005300 -0.040755 0.980789 -0.190768 11.063000 -0.168088 0.181475 0.968924 -0.000000 0.000000 0.000000 0.000000 1.000000
0.984925 0.073571 0.156560 -0.005300 -0.042417 0.980136 -0.193740 11.063000 -0.167703 0.184179 0.968480 0.000000 0.000000 0.000000 0.000000 1.000000
0.985020 0.074022 0.155744 -0.005300 -0.042482 0.979510 -0.196863 11.063000 -0.167125 0.187298 0.967982 -0.000000 0.000000 0.000000 0.000000 1.000000
0.985176 0.073613 0.154948 -0.005300 -0.041677 0.978895 -0.200069 11.063000 -0.166405 0.190645 0.967452 0.000000 0.000000 0.000000 0.000000 1.000000
0.985316 0.072709 0.154486 -0.005300 -0.040429 0.978419 -0.202638 11.063000 -0.165886 0.193416 0.966991 0.000000 0.000000 0.000000 0.000000 1.000000
0.985407 0.071669 0.154392 -0.005300 -0.039076 0.978063 -0.204613 11.063000 -0.165670 0.195594 0.966590 -0.000000 0.000000 0.000000 0.000000 1.000000
0.985492 0.070651 0.154320 -0.005300 -0.037728 0.977683 -0.206670 11.063000 -0.165478 0.197850 0.966164 0.000000 0.000000 0.000000 0.000000 1.000000
0.985571 0.069625 0.154278 -0.005300 -0.036371 0.977303 -0.208703 11.063000 -0.165307 0.200080 0.965734 0.000000 0.000000 0.000000 0.000000 1.000000
0.985647 0.068559 0.154270 -0.005300 -0.034990 0.976945 -0.210603 11.063000 -0.165152 0.202183 0.965322 0.000000 0.000000 0.000000 0.000000 1.000000
0.985720 0.067422 0.154305 -0.005300 -0.033572 0.976635 -0.212266 11.063000 -0.165011 0.204054 0.964952 0.000000 0.000000 0.000000 0.000000 1.000000
0.985791 0.066183 0.154387 -0.005300 -0.032103 0.976397 -0.213584 11.063000 -0.164878 0.205593 0.964648 0.000000 0.000000 0.000000 0.000000 1.000000
0.985861 0.064812 0.154521 -0.005300 -0.030568 0.976256 -0.214452 11.063000 -0.164751 0.206696 0.964434 -0.000000 0.000000 0.000000 0.000000 1.000000
0.985930 0.063143 0.154771 -0.005300 -0.028880 0.976330 -0.214349 11.063000 -0.164643 0.206864 0.964417 -0.000000 0.000000 0.000000 0.000000 1.000000
0.985995 0.060976 0.155225 -0.005300 -0.026931 0.976762 -0.212627 11.063000 -0.164583 0.205469 0.964725 0.000000 0.000000 0.000000 0.000000 1.000000
0.986055 0.058567 0.155775 -0.005300 -0.024871 0.977377 -0.210039 11.063000 -0.164552 0.203235 0.965204 -0.000000 0.000000 0.000000 0.000000 1.000000
0.986108 0.056193 0.156311 -0.005300 -0.022856 0.977991 -0.207393 11.063000 -0.164525 0.200939 0.965689 0.000000 0.000000 0.000000 0.000000 1.000000
0.986147 0.053752 0.156926 -0.005300 -0.020955 0.978831 -0.203596 11.063000 -0.164547 0.197488 0.966397 0.000000 0.000000 0.000000 0.000000 1.000000</float_array><technique_common><accessor source="#Spine2-Matrix-animation-output-transform-array" count="32" stride="16"><param type="float4x4"/></accessor></technique_common></source><source id="Spine2-Interpolations"><Name_array id="Spine2-Interpolations-array" count="32">
 LINEAR LINEAR LINEAR LINEAR LINEAR LINEAR LINEAR LINEAR LINEAR LINEAR LINEAR
LINEAR LINEAR LINEAR LINEAR LINEAR LINEAR LINEAR LINEAR LINEAR LINEAR LINEAR LINEAR
LINEAR LINEAR LINEAR LINEAR LINEAR LINEAR LINEAR LINEAR LINEAR</Name_array><technique_common><accessor source="#Spine2-Interpolations-array" count="32"><param type="name"/></accessor></technique_common></source><sampler id="Spine2-Matrix-animation-transform"><input semantic="INPUT" source="#Spine2-Matrix-animation-input"/><input semantic="OUTPUT" source="#Spine2-Matrix-animation-output-transform"/><input semantic="INTERPOLATION" source="#Spine2-Interpolations"/></sampler><channel source="#Spine2-Matrix-animation-transform" target="Spine2/matrix"/></animation>
    <animation id="Neck-anim" name="Neck"><source id="Neck-Matrix-animation-input"><float_array id="Neck-Matrix-animation-input-array" count="32">

0.000000 0.033333 0.066667 0.100000 0.133333 0.166667 0.200000 0.233333 0.266667 0.300000 0.333333 0.366667 0.400000 0.433333 0.466667 0.500000
0.533333 0.566667 0.600000 0.633333 0.666667 0.700000 0.733333 0.766667 0.800000 0.833333 0.866667 0.900000 0.933333 0.966667 1.000000 1.033333</float_array><technique_common><accessor source="#Neck-Matrix-animation-input-array" count="32"><param name="TIME" type="float"/></accessor></technique_common></source><source id="Neck-Matrix-animation-output-transform"><float_array id="Neck-Matrix-animation-output-transform-array" count="512">

0.999747 -0.003600 -0.022215 -0.006000 0.005257 0.997169 0.075014 23.723499 0.021882 -0.075112 0.996935 -1.446200 0.000000 0.000000 0.000000 1.000000
0.999963 0.003498 -0.007823 -0.006000 -0.002821 0.996383 0.084924 23.723499 0.008092 -0.084899 0.996357 -1.446200 0.000000 0.000000 0.000000 1.000000
0.999865 0.016051 0.003478 -0.006000 -0.016324 0.994556 0.102921 23.723499 -0.001807 -0.102964 0.994683 -1.446200 0.000000 0.000000 0.000000 1.000000
0.999341 0.034644 0.010820 -0.006000 -0.035737 0.991296 0.126708 23.723499 -0.006336 -0.127011 0.991881 -1.446200 0.000000 0.000000 0.000000 1.000000
0.998291 0.056751 0.013933 -0.006000 -0.058201 0.986983 0.149926 23.723499 -0.005244 -0.150480 0.988599 -1.446200 0.000000 0.000000 0.000000 1.000000
0.996927 0.077375 0.012194 -0.006000 -0.078327 0.983308 0.164224 23.723499 0.000717 -0.164674 0.986348 -1.446200 0.000000 0.000000 0.000000 1.000000
0.995857 0.090806 0.004848 -0.006000 -0.090382 0.982502 0.162852 23.723499 0.010024 -0.162615 0.986639 -1.446200 0.000000 0.000000 0.000000 1.000000
0.995313 0.096484 -0.006478 -0.006000 -0.094418 0.984097 0.150458 23.723499 0.020892 -0.149141 0.988595 -1.446200 0.000000 0.000000 0.000000 1.000000
0.995226 0.095572 -0.019787 -0.006000 -0.092104 0.986754 0.133540 23.723499 0.032287 -0.131080 0.990846 -1.446200 0.000000 0.000000 0.000000 1.000000
0.995347 0.090491 -0.033117 -0.006000 -0.086040 0.989351 0.117400 23.723499 0.043388 -0.114004 0.992532 -1.446200 0.000000 0.000000 0.000000 1.000000
0.995400 0.084582 -0.044996 -0.006000 -0.079473 0.991266 0.105238 23.723499 0.053504 -0.101178 0.993429 -1.446200 0.000000 0.000000 0.000000 1.000000
0.995147 0.081969 -0.054429 -0.006000 -0.076402 0.992299 0.097496 23.723499 0.062001 -0.092865 0.993746 -1.446200 0.000000 0.000000 0.000000 1.000000
0.994497 0.085191 -0.060969 -0.006000 -0.079260 0.992426 0.093849 23.723499 0.068502 -0.088500 0.993718 -1.446200 0.000000 0.000000 0.000000 1.000000
0.993496 0.093862 -0.064465 -0.006000 -0.087678 0.991812 0.092849 23.723499 0.072653 -0.086593 0.993591 -1.446200 0.000000 0.000000 0.000000 1.000000
0.992244 0.105854 -0.065175 -0.006000 -0.099630 0.990735 0.092294 23.723499 0.074340 -0.085084 0.993597 -1.446200 0.000000 0.000000 0.000000 1.000000
0.990980 0.117790 -0.063906 -0.006000 -0.111835 0.989652 0.089903 23.723499 0.073834 -0.081945 0.993898 -1.446200 0.000000 0.000000 0.000000 1.000000
0.990088 0.125941 -0.062170 -0.006000 -0.120403 0.988995 0.085976 23.723499 0.072314 -0.077638 0.994356 -1.446200 0.000000 0.000000 0.000000 1.000000
0.989912 0.127518 -0.061754 -0.006000 -0.122139 0.988934 0.084209 23.723499 0.071809 -0.075816 0.994533 -1.446200 0.000000 0.000000 0.000000 1.000000
0.990519 0.121549 -0.064017 -0.006000 -0.115800 0.989460 0.086943 23.723499 0.073910 -0.078705 0.994154 -1.446200 0.000000 0.000000 0.000000 1.000000
0.991701 0.110162 -0.066282 -0.006000 -0.103895 0.990366 0.091552 23.723499 0.075729 -0.083906 0.993592 -1.446200 0.000000 0.000000 0.000000 1.000000
0.992926 0.098489 -0.066314 -0.006000 -0.092004 0.991253 0.094624 23.723499 0.075053 -0.087853 0.993302 -1.446200 0.000000 0.000000 0.000000 1.000000
0.994028 0.086523 -0.066505 -0.006000 -0.079786 0.991979 0.098037 23.723499 0.074454 -0.092145 0.992958 -1.446200 0.000000 0.000000 0.000000 1.000000
0.994993 0.074445 -0.066679 -0.006000 -0.067464 0.992551 0.101444 23.723499 0.073734 -0.096438 0.992604 -1.446200 0.000000 0.000000 0.000000 1.000000
0.995822 0.062433 -0.066639 -0.006000 -0.055262 0.992987 0.104510 23.723499 0.072696 -0.100391 0.992289 -1.446200 0.000000 0.000000 0.000000 1.000000
0.996521 0.050664 -0.066170 -0.006000 -0.043402 0.993322 0.106904 23.723499 0.071144 -0.103661 0.992065 -1.446200 0.000000 0.000000 0.000000 1.000000
0.997108 0.039312 -0.065038 -0.006000 -0.032110 0.993599 0.108308 23.723499 0.068879 -0.105907 0.991988 -1.446200 0.000000 0.000000 0.000000 1.000000
0.997605 0.028558 -0.062996 -0.006000 -0.021606 0.993872 0.108407 23.723499 0.065705 -0.106787 0.992109 -1.446200 0.000000 0.000000 0.000000 1.000000
0.998095 0.018995 -0.058704 -0.006000 -0.012725 0.994349 0.105399 23.723499 0.060374 -0.104451 0.992696 -1.446200 0.000000 0.000000 0.000000 1.000000
0.998658 0.011403 -0.050519 -0.006000 -0.006444 0.995237 0.097269 23.723499 0.051388 -0.096812 0.993975 -1.446200 0.000000 0.000000 0.000000 1.000000
0.999162 0.005180 -0.040589 -0.006000 -0.001620 0.996184 0.087265 23.723499 0.040886 -0.087126 0.995358 -1.446200 0.000000 0.000000 0.000000 1.000000
0.999510 -0.000506 -0.031296 -0.006000 0.002972 0.996884 0.078828 23.723499 0.031159 -0.078882 0.996397 -1.446200 0.000000 0.000000 0.000000 1.000000
0.999707 -0.003115 -0.023996 -0.006000 0.004923 0.997123 0.075637 23.723499 0.023692 -0.075733 0.996847 -1.446200 0.000000 0.000000 0.000000 1.000000</float_array><technique_common><accessor source="#Neck-Matrix-animation-output-transform-array" count="32" stride="16"><param type="float4x4"/></accessor></technique_common></source><source id="Neck-Interpolations"><Name_array id="Neck-Interpolations-array" count="32">
 LINEAR LINEAR LINEAR LINEAR LINEAR LINEAR LINEAR LINEAR LINEAR LINEAR LINEAR
LINEAR LINEAR LINEAR LINEAR LINEAR LINEAR LINEAR LINEAR LINEAR LINEAR LINEAR LINEAR
LINEAR LINEAR LINEAR LINEAR LINEAR LINEAR LINEAR LINEAR LINEAR</Name_array><technique_common><accessor source="#Neck-Interpolations-array" count="32"><param type="name"/></accessor></technique_common></source><sampler id="Neck-Matrix-animation-transform"><input semantic="INPUT" source="#Neck-Matrix-animation-input"/><input semantic="OUTPUT" source="#Neck-Matrix-animation-output-transform"/><input semantic="INTERPOLATION" source="#Neck-Interpolations"/></sampler><channel source="#Neck-Matrix-animation-transform" target="Neck/matrix"/></animation>
    <animation id="Head-anim" name="Head"><source id="Head-Matrix-animation-input"><float_array id="Head-Matrix-animation-input-array" count="32">

0.000000 0.033333 0.066667 0.100000 0.133333 0.166667 0.200000 0.233333 0.266667 0.300000 0.333333 0.366667 0.400000 0.433333 0.466667 0.500000
0.533333 0.566667 0.600000 0.633333 0.666667 0.700000 0.733333 0.766667 0.800000 0.833333 0.866667 0.900000 0.933333 0.966667 1.000000 1.033333</float_array><technique_common><accessor source="#Head-Matrix-animation-input-array" count="32"><param name="TIME" type="float"/></accessor></technique_common></source><source id="Head-Matrix-animation-output-transform"><float_array id="Head-Matrix-animation-output-transform-array" count="512">

0.937032 0.006168 0.349190 0.000000 -0.044690 0.993742 0.102370 10.037100 -0.346373 -0.111530 0.931443 3.529500 0.000000 0.000000 0.000000 1.000000
0.938913 0.010351 0.344000 0.000000 -0.043726 0.995035 0.089404 10.037100 -0.341366 -0.098985 0.934704 3.529500 0.000000 0.000000 0.000000 1.000000
0.949552 0.014019 0.313296 0.000000 -0.038447 0.996668 0.071931 10.037100 -0.311244 -0.080348 0.946927 3.529500 0.000000 0.000000 0.000000 1.000000
0.966237 0.015413 0.257195 0.000000 -0.030053 0.998137 0.053089 10.037100 -0.255897 -0.059026 0.964900 3.529500 0.000000 0.000000 0.000000 1.000000
0.983229 0.015331 0.181728 0.000000 -0.022272 0.999096 0.036215 10.037100 -0.181008 -0.039655 0.982682 3.529500 0.000000 0.000000 0.000000 1.000000
0.995287 0.017966 0.095297 -0.000000 -0.020380 0.999494 0.024419 10.037100 -0.094810 -0.026246 0.995149 3.529500 0.000000 0.000000 0.000000 1.000000
0.999610 0.027316 0.005746 0.000000 -0.027420 0.999445 0.018933 10.037100 -0.005226 -0.019083 0.999804 3.529500 0.000000 0.000000 0.000000 1.000000
0.995894 0.041238 -0.080589 0.000000 -0.039988 0.999054 0.017066 10.037100 0.081217 -0.013773 0.996601 3.529500 0.000000 0.000000 0.000000 1.000000
0.985794 0.056552 -0.158152 -0.000000 -0.054479 0.998363 0.017413 10.037100 0.158878 -0.008549 0.987261 3.529500 0.000000 0.000000 0.000000 1.000000
0.972410 0.069950 -0.222542 0.000000 -0.067313 0.997543 0.019423 10.037100 0.223354 -0.003907 0.974730 3.529500 0.000000 0.000000 0.000000 1.000000
0.959530 0.078654 -0.270398 0.000000 -0.075122 0.996900 0.023403 10.037100 0.271400 -0.002143 0.962464 3.529500 0.000000 0.000000 0.000000 1.000000
0.951339 0.078509 -0.297978 0.000000 -0.073292 0.996899 0.028659 10.037100 0.299304 -0.005425 0.954143 3.529500 0.000000 0.000000 0.000000 1.000000
0.950509 0.067027 -0.303382 -0.000000 -0.059433 0.997646 0.034206 10.037100 0.304961 -0.014482 0.952255 3.529500 0.000000 0.000000 0.000000 1.000000
0.956152 0.047280 -0.289029 0.000000 -0.036702 0.998447 0.041914 10.037100 0.290562 -0.029468 0.956402 3.529500 0.000000 0.000000 0.000000 1.000000
0.965646 0.024453 -0.258709 0.000000 -0.010559 0.998433 0.054959 10.037100 0.259648 -0.050340 0.964391 3.529500 0.000000 0.000000 0.000000 1.000000
0.976135 0.004708 -0.217115 -0.000000 0.011995 0.997070 0.075550 10.037100 0.216835 -0.076351 0.973218 3.529500 0.000000 0.000000 0.000000 1.000000
0.985411 -0.007649 -0.170017 -0.000000 0.025114 0.994588 0.100813 10.037100 0.168326 -0.103612 0.980271 3.529500 0.000000 0.000000 0.000000 1.000000
0.991921 -0.012494 -0.126241 -0.000000 0.028058 0.992099 0.122277 10.037100 0.123716 -0.124831 0.984435 3.529500 0.000000 0.000000 0.000000 1.000000
0.996023 -0.011715 -0.088322 0.000000 0.023757 0.990348 0.136555 10.037100 0.085869 -0.138110 0.986687 3.529500 0.000000 0.000000 0.000000 1.000000
0.998576 -0.009667 -0.052462 0.000000 0.016974 0.989909 0.140684 10.037100 0.050572 -0.141374 0.988664 3.529500 0.000000 0.000000 0.000000 1.000000
0.999864 -0.009863 -0.013234 0.000000 0.011614 0.990151 0.139522 10.037100 0.011728 -0.139657 0.990130 3.529500 0.000000 0.000000 0.000000 1.000000
0.999594 -0.010135 0.026640 -0.000000 0.006385 0.990514 0.137265 10.037100 -0.027778 -0.137039 0.990176 3.529500 0.000000 0.000000 0.000000 1.000000
0.997719 -0.010270 0.066711 -0.000000 0.001230 0.990958 0.134170 10.037100 -0.067486 -0.133782 0.988710 3.529500 0.000000 0.000000 0.000000 1.000000
0.994258 -0.010102 0.106529 -0.000000 -0.003909 0.991441 0.130495 10.037100 -0.106936 -0.130162 0.985709 3.529500 0.000000 0.000000 0.000000 1.000000
0.989291 -0.009511 0.145646 0.000000 -0.009087 0.991926 0.126492 10.037100 -0.145674 -0.126461 0.981217 3.529500 0.000000 0.000000 0.000000 1.000000
0.982960 -0.008426 0.183626 0.000000 -0.014361 0.992375 0.122412 10.037100 -0.183257 -0.122963 0.975345 3.529500 0.000000 0.000000 0.000000 1.000000
0.975466 -0.006822 0.220046 -0.000000 -0.019789 0.992756 0.118504 10.037100 -0.219261 -0.119951 0.968265 3.529500 0.000000 0.000000 0.000000 1.000000
0.967210 -0.004331 0.253939 -0.000000 -0.025845 0.992986 0.115374 10.037100 -0.252658 -0.118154 0.960314 3.529500 0.000000 0.000000 0.000000 1.000000
0.958797 -0.000654 0.284092 -0.000000 -0.032923 0.993004 0.113400 10.037100 -0.282179 -0.118080 0.952067 3.529500 0.000000 0.000000 0.000000 1.000000
0.950355 0.003189 0.311151 0.000000 -0.039840 0.992964 0.111509 10.037100 -0.308606 -0.118370 0.943796 3.529500 0.000000 0.000000 0.000000 1.000000
0.941909 0.006301 0.335809 -0.000000 -0.045396 0.993038 0.108697 10.037100 -0.332786 -0.117628 0.935637 3.529500 0.000000 0.000000 0.000000 1.000000
0.937832 0.006289 0.347034 -0.000000 -0.045033 0.993589 0.103692 10.037100 -0.344157 -0.112874 0.932103 3.529500 0.000000 0.000000 0.000000 1.000000</float_array><technique_common><accessor source="#Head-Matrix-animation-output-transform-array" count="32" stride="16"><param type="float4x4"/></accessor></technique_common></source><source id="Head-Interpolations"><Name_array id="Head-Interpolations-array" count="32">
 LINEAR LINEAR LINEAR LINEAR LINEAR LINEAR LINEAR LINEAR LINEAR LINEAR LINEAR
LINEAR LINEAR LINEAR LINEAR LINEAR LINEAR LINEAR LINEAR LINEAR LINEAR LINEAR LINEAR
LINEAR LINEAR LINEAR LINEAR LINEAR LINEAR LINEAR LINEAR LINEAR</Name_array><technique_common><accessor source="#Head-Interpolations-array" count="32"><param type="name"/></accessor></technique_common></source><sampler id="Head-Matrix-animation-transform"><input semantic="INPUT" source="#Head-Matrix-animation-input"/><input semantic="OUTPUT" source="#Head-Matrix-animation-output-transform"/><input semantic="INTERPOLATION" source="#Head-Interpolations"/></sampler><channel source="#Head-Matrix-animation-transform" target="Head/matrix"/></animation>
    <animation id="LeftShoulder-anim" name="LeftShoulder"><source id="LeftShoulder-Matrix-animation-input"><float_array id="LeftShoulder-Matrix-animation-input-array" count="32">

0.000000 0.033333 0.066667 0.100000 0.133333 0.166667 0.200000 0.233333 0.266667 0.300000 0.333333 0.366667 0.400000 0.433333 0.466667 0.500000
