<?xml version="1.0" encoding="utf-8"?>
<COLLADA xmlns="http://www.collada.org/2005/11/COLLADASchema" version="1.4.1">
  <asset><contributor><author>Mixamo</author><authoring_tool>COLLADA Mixamo exporter</authoring_tool><comments></comments></contributor><created>2018-06-07T23:54:48Z</created><modified>2018-06-07T23:54:48Z</modified><revision></revision><title></title><unit meter="0.010000"/><up_axis>Y_UP</up_axis></asset>
  <library_animations>
    <animation id="Hips-anim" name="Hips"><source id="Hips-Matrix-animation-input"><float_array id="Hips-Matrix-animation-input-array" count="32">

0.000000 0.033333 0.066667 0.100000 0.133333 0.166667 0.200000 0.233333 0.266667 0.300000 0.333333 0.366667 0.400000 0.433333 0.466667 0.500000
0.533333 0.566667 0.600000 0.633333 0.666667 0.700000 0.733333 0.766667 0.800000 0.833333 0.866667 0.900000 0.933333 0.966667 1.000000 1.033333</float_array><technique_common><accessor source="#Hips-Matrix-animation-input-array" count="32"><param name="TIME" type="float"/></accessor></technique_common></source><source id="Hips-Matrix-animation-output-transform"><float_array id="Hips-Matrix-animation-output-transform-array" count="512">

0.728044 0.053793 -0.683417 1.194264 -0.000907 0.996991 0.077509 109.205475 0.685530 -0.055810 0.725902 -1.396111 0.000000 0.000000 0.000000 1.000000
0.728067 0.054434 -0.683341 1.322287 -0.006348 0.997335 0.072683 109.604134 0.685477 -0.048580 0.726472 -0.345076 0.000000 0.000000 0.000000 1.000000
0.728029 0.054102 -0.683408 1.453804 -0.013138 0.997799 0.064996 109.840210 0.685421 -0.038340 0.727137 0.760714 0.000000 0.000000 0.000000 1.000000
0.727914 0.053373 -0.683588 1.585960 -0.020450 0.998212 0.056162 110.010490 0.685364 -0.026902 0.727704 1.886735 0.000000 0.000000 0.000000 1.000000
0.727744 0.051648 -0.683901 1.649288 -0.026179 0.998526 0.047551 110.098175 0.685349 -0.016701 0.728024 2.862612 0.000000 0.000000 0.000000 1.000000
0.727632 0.047209 -0.684341 1.521919 -0.027734 0.998838 0.039417 109.988579 0.685407 -0.009702 0.728096 3.421424 0.000000 0.000000 0.000000 1.000000
0.727858 0.040764 -0.684516 1.236062 -0.027653 0.999164 0.030097 109.970932 0.685170 -0.002977 0.728377 3.620328 0.000000 0.000000 0.000000 1.000000
0.728534 0.032981 -0.684215 0.799621 -0.027065 0.999446 0.019358 110.128754 0.684474 0.004415 0.729024 3.555123 0.000000 0.000000 0.000000 1.000000
0.729506 0.024890 -0.683522 0.217552 -0.026746 0.999611 0.007854 110.414978 0.683452 0.012552 0.729888 3.299790 0.000000 0.000000 0.000000 1.000000
0.730544 0.017548 -0.682640 -0.518469 -0.027364 0.999619 -0.003588 110.726997 0.682317 0.021301 0.730746 2.874153 0.000000 0.000000 0.000000 1.000000
0.731413 0.011873 -0.681832 -1.426754 -0.029422 0.999467 -0.014157 110.944443 0.681300 0.030415 0.731372 2.248460 0.000000 0.000000 0.000000 1.000000
0.732003 0.008153 -0.681253 -2.518626 -0.032709 0.999196 -0.023188 111.032219 0.680516 0.039257 0.731681 1.397364 0.000000 0.000000 0.000000 1.000000
0.732364 0.005649 -0.680890 -3.751963 -0.035927 0.998893 -0.030356 111.041855 0.679965 0.046694 0.731756 0.386876 0.000000 0.000000 0.000000 1.000000
0.732548 0.004067 -0.680703 -5.000062 -0.037614 0.998696 -0.034512 111.019272 0.679675 0.050885 0.731746 -0.888962 0.000000 0.000000 0.000000 1.000000
0.732658 0.002895 -0.680591 -6.229731 -0.038262 0.998585 -0.036941 110.989853 0.679521 0.053106 0.731732 -2.298211 0.000000 0.000000 0.000000 1.000000
0.732812 0.001540 -0.680430 -7.409173 -0.038581 0.998483 -0.039292 110.977829 0.679337 0.055045 0.731759 -3.821626 0.000000 0.000000 0.000000 1.000000
0.733163 -0.000597 -0.680053 -8.424595 -0.038340 0.998373 -0.042211 111.027550 0.678972 0.057020 0.731947 -5.682447 0.000000 0.000000 0.000000 1.000000
0.733730 -0.004657 -0.679425 -9.225567 -0.037226 0.998199 -0.047043 111.198051 0.678421 0.059809 0.732235 -7.770619 0.000000 0.000000 0.000000 1.000000
0.734446 -0.010895 -0.678579 -9.710473 -0.033861 0.998038 -0.052673 111.444237 0.677822 0.061663 0.732636 -9.875850 0.000000 0.000000 0.000000 1.000000
0.735131 -0.018332 -0.677677 -9.794166 -0.027755 0.997982 -0.057104 111.704819 0.677357 0.060788 0.733139 -11.801555 0.000000 0.000000 0.000000 1.000000
0.735506 -0.024724 -0.677067 -9.446216 -0.019850 0.998119 -0.058011 111.914993 0.677228 0.056107 0.733631 -13.370359 0.000000 0.000000 0.000000 1.000000
0.735284 -0.026670 -0.677234 -8.759908 -0.013446 0.998455 -0.053919 112.008514 0.677625 0.048752 0.733790 -14.440925 0.000000 0.000000 0.000000 1.000000
0.734551 -0.023504 -0.678146 -7.880443 -0.009515 0.998945 -0.044929 111.974648 0.678486 0.039455 0.733553 -14.981398 0.000000 0.000000 0.000000 1.000000
0.733391 -0.016483 -0.679607 -6.876753 -0.006928 0.999473 -0.031718 111.827759 0.679771 0.027970 0.732891 -15.139467 0.000000 0.000000 0.000000 1.000000
0.732521 -0.007423 -0.680704 -5.848800 -0.005412 0.999845 -0.016727 111.561211 0.680722 0.015937 0.732368 -14.340479 0.000000 0.000000 0.000000 1.000000
0.732270 0.001562 -0.681013 -4.865957 -0.004614 0.999986 -0.002667 111.240669 0.680999 0.005095 0.732267 -12.705204 0.000000 0.000000 0.000000 1.000000
0.732076 0.010576 -0.681141 -3.886556 -0.003895 0.999928 0.011340 110.913689 0.681212 -0.005649 0.732064 -10.983617 0.000000 0.000000 0.000000 1.000000
0.731923 0.019609 -0.681105 -2.909678 -0.003234 0.999675 0.025306 110.581993 0.681380 -0.016319 0.731748 -9.198732 0.000000 0.000000 0.000000 1.000000
0.731797 0.028653 -0.680920 -1.934407 -0.002610 0.999226 0.039242 110.247284 0.681518 -0.026940 0.731306 -7.373569 0.000000 0.000000 0.000000 1.000000
0.731682 0.037699 -0.680603 -0.959823 -0.002003 0.998584 0.053160 109.911293 0.681643 -0.037533 0.730722 -5.531144 0.000000 0.000000 0.000000 1.000000
0.731563 0.046741 -0.680170 0.014989 -0.001390 0.997747 0.067070 109.575737 0.681773 -0.048121 0.729980 -3.694472 0.000000 0.000000 0.000000 1.000000
0.731423 0.055773 -0.679639 0.990949 -0.000751 0.996715 0.080985 109.242325 0.681923 -0.058724 0.729063 -1.886571 0.000000 0.000000 0.000000 1.000000</float_array><technique_common><accessor source="#Hips-Matrix-animation-output-transform-array" count="32" stride="16"><param type="float4x4"/></accessor></technique_common></source><source id="Hips-Interpolations"><Name_array id="Hips-Interpolations-array" count="32">
 LINEAR LINEAR LINEAR LINEAR LINEAR LINEAR LINEAR LINEAR LINEAR LINEAR LINEAR
LINEAR LINEAR LINEAR LINEAR LINEAR LINEAR LINEAR LINEAR LINEAR LINEAR LINEAR LINEAR
LINEAR LINEAR LINEAR LINEAR LINEAR LINEAR LINEAR LINEAR LINEAR</Name_array><technique_common><accessor source="#Hips-Interpolations-array" count="32"><param type="name"/></accessor></technique_common></source><sampler id="Hips-Matrix-animation-transform"><input semantic="INPUT" source="#Hips-Matrix-animation-input"/><input semantic="OUTPUT" source="#Hips-Matrix-animation-output-transform"/><input semantic="INTERPOLATION" source="#Hips-Interpolations"/></sampler><channel source="#Hips-Matrix-animation-transform" target="Hips/matrix"/></animation>
    <animation id="Spine-anim" name="Spine"><source id="Spine-Matrix-animation-input"><float_array id="Spine-Matrix-animation-input-array" count="32">

0.000000 0.033333 0.066667 0.100000 0.133333 0.166667 0.200000 0.233333 0.266667 0.300000 0.333333 0.366667 0.400000 0.433333 0.466667 0.500000
0.533333 0.566667 0.600000 0.633333 0.666667 0.700000 0.733333 0.766667 0.800000 0.833333 0.866667 0.900000 0.933333 0.966667 1.000000 1.033333</float_array><technique_common><accessor source="#Spine-Matrix-animation-input-array" count="32"><param name="TIME" type="float"/></accessor></technique_common></source><source id="Spine-Matrix-animation-output-transform"><float_array id="Spine-Matrix-animation-output-transform-array" count="512">

0.996410 0.018237 0.082668 0.000000 -0.009827 0.994836 -0.101020 13.214800 -0.084083 0.099845 0.991444 0.000000 0.000000 0.000000 0.000000 1.000000
0.996392 0.017341 0.083085 -0.000000 -0.008914 0.994873 -0.100739 13.214800 -0.084406 0.099635 0.991438 0.000000 0.000000 0.000000 0.000000 1.000000
0.996342 0.017022 0.083741 0.000000 -0.008583 0.994937 -0.100132 13.214800 -0.085021 0.099047 0.991444 0.000000 0.000000 0.000000 0.000000 1.000000
0.996280 0.016944 0.084491 0.000000 -0.008493 0.995011 -0.099399 13.214800 -0.085754 0.098311 0.991454 0.000000 0.000000 0.000000 0.000000 1.000000
0.996212 0.017842 0.085103 -0.000000 -0.009367 0.995046 -0.098971 13.214800 -0.086448 0.097799 0.991444 0.000000 0.000000 0.000000 0.000000 1.000000
0.996131 0.021213 0.085286 0.000000 -0.012682 0.994972 -0.099351 13.214800 -0.086965 0.097885 0.991391 0.000000 0.000000 0.000000 0.000000 1.000000
0.996099 0.024729 0.084705 0.000000 -0.016195 0.994856 -0.099995 13.214800 -0.086742 0.098233 0.991376 0.000000 0.000000 0.000000 0.000000 1.000000
0.996139 0.027439 0.083397 -0.000000 -0.018965 0.994731 -0.100754 13.214800 -0.085723 0.098783 0.991410 0.000000 0.000000 0.000000 0.000000 1.000000
0.996240 0.028862 0.081690 0.000000 -0.020481 0.994611 -0.101634 13.214800 -0.084183 0.099579 0.991462 0.000000 0.000000 0.000000 0.000000 1.000000
0.996382 0.028904 0.079919 0.000000 -0.020615 0.994503 -0.102660 13.214800 -0.082447 0.100641 0.991501 0.000000 0.000000 0.000000 0.000000 1.000000
0.996538 0.027838 0.078335 -0.000000 -0.019617 0.994403 -0.103819 13.214800 -0.080787 0.101923 0.991506 -0.000000 0.000000 0.000000 0.000000 1.000000
0.996691 0.026378 0.076880 0.000000 -0.018214 0.994302 -0.105029 13.214800 -0.079213 0.103281 0.991493 -0.000000 0.000000 0.000000 0.000000 1.000000
0.996828 0.025106 0.075519 0.000000 -0.017000 0.994207 -0.106127 13.214800 -0.077746 0.104506 0.991481 -0.000000 0.000000 0.000000 0.000000 1.000000
0.996863 0.024757 0.075180 -0.000000 -0.016637 0.994145 -0.106765 13.214800 -0.077383 0.105180 0.991438 0.000000 0.000000 0.000000 0.000000 1.000000
0.996830 0.024971 0.075535 0.000000 -0.016786 0.994105 -0.107115 13.214800 -0.077765 0.105508 0.991373 -0.000000 0.000000 0.000000 0.000000 1.000000
0.996768 0.025502 0.076176 0.000000 -0.017229 0.994072 -0.107350 13.214800 -0.078462 0.105691 0.991299 0.000000 0.000000 0.000000 0.000000 1.000000
0.996625 0.026917 0.077546 -0.000000 -0.018499 0.994054 -0.107308 13.214800 -0.079973 0.105511 0.991197 0.000000 0.000000 0.000000 0.000000 1.000000
0.996491 0.028427 0.078719 0.000000 -0.019882 0.994030 -0.107283 13.214800 -0.081298 0.105341 0.991107 0.000000 0.000000 0.000000 0.000000 1.000000
0.996392 0.030062 0.079369 0.000000 -0.021426 0.993974 -0.107500 13.214800 -0.082123 0.105411 0.991032 -0.000000 0.000000 0.000000 0.000000 1.000000
0.996330 0.031695 0.079505 -0.000000 -0.022998 0.993883 -0.108017 13.214800 -0.082442 0.105793 0.990965 0.000000 0.000000 0.000000 0.000000 1.000000
0.996305 0.032818 0.079365 0.000000 -0.024074 0.993781 -0.108716 13.214800 -0.082439 0.106403 0.990900 0.000000 0.000000 0.000000 0.000000 1.000000
0.996315 0.032384 0.079426 0.000000 -0.023598 0.993744 -0.109162 13.214800 -0.082464 0.106886 0.990846 0.000000 0.000000 0.000000 0.000000 1.000000
0.996337 0.031131 0.079647 0.000000 -0.022319 0.993765 -0.109234 13.214800 -0.082551 0.107056 0.990820 0.000000 0.000000 0.000000 0.000000 1.000000
0.996345 0.029900 0.080010 0.000000 -0.021055 0.993798 -0.109187 13.214800 -0.082779 0.107103 0.990796 -0.000000 0.000000 0.000000 0.000000 1.000000
0.996347 0.028778 0.080406 0.000000 -0.019933 0.993873 -0.108716 13.214800 -0.083042 0.106716 0.990816 0.000000 0.000000 0.000000 0.000000 1.000000
0.996358 0.027431 0.080737 -0.000000 -0.018635 0.994004 -0.107745 13.214800 -0.083209 0.105848 0.990895 -0.000000 0.000000 0.000000 0.000000 1.000000
0.996368 0.026065 0.081061 0.000000 -0.017324 0.994138 -0.106724 13.214800 -0.083368 0.104932 0.990979 0.000000 0.000000 0.000000 0.000000 1.000000
0.996378 0.024685 0.081378 0.000000 -0.016002 0.994273 -0.105666 13.214800 -0.083521 0.103981 0.991066 0.000000 0.000000 0.000000 0.000000 1.000000
0.996385 0.023295 0.081690 0.000000 -0.014674 0.994408 -0.104584 13.214800 -0.083670 0.103008 0.991155 -0.000000 0.000000 0.000000 0.000000 1.000000
0.996392 0.021901 0.081999 -0.000000 -0.013343 0.994541 -0.103492 13.214800 -0.083817 0.102024 0.991245 -0.000000 0.000000 0.000000 0.000000 1.000000
0.996396 0.020507 0.082304 -0.000000 -0.012013 0.994671 -0.102402 13.214800 -0.083966 0.101044 0.991332 0.000000 0.000000 0.000000 0.000000 1.000000
0.996399 0.019120 0.082609 0.000000 -0.010688 0.994796 -0.101327 13.214800 -0.084117 0.100080 0.991417 0.000000 0.000000 0.000000 0.000000 1.000000</float_array><technique_common><accessor source="#Spine-Matrix-animation-output-transform-array" count="32" stride="16"><param type="float4x4"/></accessor></technique_common></source><source id="Spine-Interpolations"><Name_array id="Spine-Interpolations-array" count="32">
 LINEAR LINEAR LINEAR LINEAR LINEAR LINEAR LINEAR LINEAR LINEAR LINEAR LINEAR
LINEAR LINEAR LINEAR LINEAR LINEAR LINEAR LINEAR LINEAR LINEAR LINEAR LINEAR LINEAR
LINEAR LINEAR LINEAR LINEAR LINEAR LINEAR LINEAR LINEAR LINEAR</Name_array><technique_common><accessor source="#Spine-Interpolations-array" count="32"><param type="name"/></accessor></technique_common></source><sampler id="Spine-Matrix-animation-transform"><input semantic="INPUT" source="#Spine-Matrix-animation-input"/><input semantic="OUTPUT" source="#Spine-Matrix-animation-output-transform"/><input semantic="INTERPOLATION" source="#Spine-Interpolations"/></sampler><channel source="#Spine-Matrix-animation-transform" target="Spine/matrix"/></animation>
    <animation id="Spine1-anim" name="Spine1"><source id="Spine1-Matrix-animation-input"><float_array id="Spine1-Matrix-animation-input-array" count="32">

0.000000 0.033333 0.066667 0.100000 0.133333 0.166667 0.200000 0.233333 0.266667 0.300000 0.333333 0.366667 0.400000 0.433333 0.466667 0.500000
0.533333 0.566667 0.600000 0.633333 0.666667 0.700000 0.733333 0.766667 0.800000 0.833333 0.866667 0.900000 0.933333 0.966667 1.000000 1.033333</float_array><technique_common><accessor source="#Spine1-Matrix-animation-input-array" count="32"><param name="TIME" type="float"/></accessor></technique_common></source><source id="Spine1-Matrix-animation-output-transform"><float_array id="Spine1-Matrix-animation-output-transform-array" count="512">

0.986155 0.053132 0.157083 -0.007800 -0.020481 0.979053 -0.202574 9.224200 -0.164555 0.196552 0.966586 0.000000 0.000000 0.000000 0.000000 1.000000
0.985987 0.053800 0.157908 -0.007800 -0.021035 0.979109 -0.202247 9.224200 -0.165490 0.196092 0.966520 0.000000 0.000000 0.000000 0.000000 1.000000
0.985877 0.052234 0.159117 -0.007800 -0.019462 0.979413 -0.200927 9.224200 -0.166337 0.194993 0.966597 -0.000000 0.000000 0.000000 0.000000 1.000000
0.985785 0.049773 0.160471 -0.007800 -0.017043 0.979809 -0.199210 9.224200 -0.167146 0.193643 0.966729 -0.000000 0.000000 0.000000 0.000000 1.000000
0.985726 0.047509 0.161513 -0.007800 -0.014803 0.980100 -0.197952 9.224200 -0.167703 0.192736 0.966814 0.000000 0.000000 0.000000 0.000000 1.000000
0.985772 0.045898 0.161701 -0.007800 -0.013165 0.980124 -0.197947 9.224200 -0.167572 0.193001 0.966783 0.000000 0.000000 0.000000 0.000000 1.000000
0.985885 0.045554 0.161106 -0.007800 -0.012829 0.979998 -0.198594 9.224200 -0.166930 0.193724 0.966750 -0.000000 0.000000 0.000000 0.000000 1.000000
0.986046 0.045749 0.160061 -0.007800 -0.013047 0.979777 -0.199668 9.224200 -0.165958 0.194794 0.966702 0.000000 0.000000 0.000000 0.000000 1.000000
0.986241 0.046259 0.158711 -0.007800 -0.013556 0.979449 -0.201236 9.224200 -0.164759 0.196316 0.966600 0.000000 0.000000 0.000000 0.000000 1.000000
0.986472 0.046963 0.157062 -0.007800 -0.014234 0.979006 -0.203335 9.224200 -0.163314 0.198349 0.966430 0.000000 0.000000 0.000000 0.000000 1.000000
0.986760 0.047761 0.154996 -0.007800 -0.015020 0.978461 -0.205883 9.224200 -0.161491 0.200829 0.966224 0.000000 0.000000 0.000000 0.000000 1.000000
0.987152 0.048275 0.152320 -0.007800 -0.015641 0.977885 -0.208559 9.224200 -0.159019 0.203497 0.966075 -0.000000 0.000000 0.000000 0.000000 1.000000
0.987596 0.048601 0.149305 -0.007800 -0.016203 0.977359 -0.210966 9.224200 -0.156178 0.205930 0.966024 0.000000 0.000000 0.000000 0.000000 1.000000
0.987724 0.049249 0.148246 -0.007800 -0.016846 0.977049 -0.212347 9.224200 -0.155301 0.207243 0.965884 -0.000000 0.000000 0.000000 0.000000 1.000000
0.987620 0.050213 0.148609 -0.007800 -0.017600 0.976872 -0.213101 9.224200 -0.155873 0.207848 0.965662 -0.000000 0.000000 0.000000 0.000000 1.000000
0.987403 0.051129 0.149738 -0.007800 -0.018190 0.976758 -0.213571 9.224200 -0.157177 0.208157 0.965384 0.000000 0.000000 0.000000 0.000000 1.000000
0.986866 0.051677 0.153051 -0.007800 -0.018071 0.976821 -0.213295 9.224200 -0.160525 0.207728 0.964925 0.000000 0.000000 0.000000 0.000000 1.000000
0.986352 0.052216 0.156150 -0.007800 -0.017989 0.976879 -0.213033 9.224200 -0.163663 0.207317 0.964486 0.000000 0.000000 0.000000 0.000000 1.000000
0.985977 0.053425 0.158098 -0.007800 -0.018724 0.976805 -0.213312 9.224200 -0.165827 0.207360 0.964107 0.000000 0.000000 0.000000 0.000000 1.000000
0.985775 0.055427 0.158668 -0.007800 -0.020417 0.976557 -0.214290 9.224200 -0.166825 0.208003 0.963797 0.000000 0.000000 0.000000 0.000000 1.000000
0.985741 0.057662 0.158081 -0.007800 -0.022505 0.976190 -0.215746 9.224200 -0.166757 0.209112 0.963568 -0.000000 0.000000 0.000000 0.000000 1.000000
0.985848 0.058911 0.156947 -0.007800 -0.023795 0.975915 -0.216850 9.224200 -0.165941 0.210047 0.963506 0.000000 0.000000 0.000000 0.000000 1.000000
0.986007 0.059170 0.155849 -0.007800 -0.024223 0.975819 -0.217234 9.224200 -0.164934 0.210419 0.963598 0.000000 0.000000 0.000000 0.000000 1.000000
0.986130 0.059060 0.155113 -0.007800 -0.024255 0.975795 -0.217338 9.224200 -0.164195 0.210561 0.963693 0.000000 0.000000 0.000000 0.000000 1.000000
0.986168 0.058663 0.155018 -0.007800 -0.024016 0.975975 -0.216555 9.224200 -0.163997 0.209837 0.963885 0.000000 0.000000 0.000000 0.000000 1.000000
0.986174 0.057956 0.155248 -0.007800 -0.023566 0.976375 -0.214793 9.224200 -0.164029 0.208165 0.964242 -0.000000 0.000000 0.000000 0.000000 1.000000
0.986175 0.057216 0.155514 -0.007800 -0.023094 0.976794 -0.212932 9.224200 -0.164088 0.206397 0.964612 0.000000 0.000000 0.000000 0.000000 1.000000
0.986174 0.056452 0.155804 -0.007800 -0.022605 0.977225 -0.210998 9.224200 -0.164167 0.204559 0.964990 0.000000 0.000000 0.000000 0.000000 1.000000
0.986170 0.055673 0.156109 -0.007800 -0.022105 0.977662 -0.209018 9.224200 -0.164258 0.202676 0.965371 0.000000 0.000000 0.000000 0.000000 1.000000
0.986165 0.054885 0.156419 -0.007800 -0.021601 0.978099 -0.207017 9.224200 -0.164355 0.200774 0.965752 -0.000000 0.000000 0.000000 0.000000 1.000000
0.986160 0.054099 0.156723 -0.007800 -0.021098 0.978530 -0.205021 9.224200 -0.164450 0.198877 0.966128 0.000000 0.000000 0.000000 0.000000 1.000000
0.986156 0.053323 0.157014 -0.007800 -0.020603 0.978950 -0.203057 9.224200 -0.164536 0.197011 0.966496 0.000000 0.000000 0.000000 0.000000 1.000000</float_array><technique_common><accessor source="#Spine1-Matrix-animation-output-transform-array" count="32" stride="16"><param type="float4x4"/></accessor></technique_common></source><source id="Spine1-Interpolations"><Name_array id="Spine1-Interpolations-array" count="32">
 LINEAR LINEAR LINEAR LINEAR LINEAR LINEAR LINEAR LINEAR LINEAR LINEAR LINEAR
LINEAR LINEAR LINEAR LINEAR LINEAR LINEAR LINEAR LINEAR LINEAR LINEAR LINEAR LINEAR
LINEAR LINEAR LINEAR LINEAR LINEAR LINEAR LINEAR LINEAR LINEAR</Name_array><technique_common><accessor source="#Spine1-Interpolations-array" count="32"><param type="name"/></accessor></technique_common></source><sampler id="Spine1-Matrix-animation-transform"><input semantic="INPUT" source="#Spine1-Matrix-animation-input"/><input semantic="OUTPUT" source="#Spine1-Matrix-animation-output-transform"/><input semantic="INTERPOLATION" source="#Spine1-Interpolations"/></sampler><channel source="#Spine1-Matrix-animation-transform" target="Spine1/matrix"/></animation>
    <animation id="Spine2-anim" name="Spine2"><source id="Spine2-Matrix-animation-input"><float_array id="Spine2-Matrix-animation-input-array" count="32">

0.000000 0.033333 0.066667 0.100000 0.133333 0.166667 0.200000 0.233333 0.266667 0.300000 0.333333 0.366667 0.400000 0.433333 0.466667 0.500000
0.533333 0.566667 0.600000 0.633333 0.666667 0.700000 0.733333 0.766667 0.800000 0.833333 0.866667 0.900000 0.933333 0.966667 1.000000 1.033333</float_array><technique_common><accessor source="#Spine2-Matrix-animation-input-array" count="32"><param name="TIME" type="float"/></accessor></technique_common></source><source id="Spine2-Matrix-animation-output-transform"><float_array id="Spine2-Matrix-animation-output-transform-array" count="512">

0.986155 0.053132 0.157083 -0.005300 -0.020481 0.979053 -0.202574 11.063000 -0.164556 0.196552 0.966586 0.000000 0.000000 0.000000 0.000000 1.000000
0.985987 0.053800 0.157908 -0.005300 -0.021035 0.979109 -0.202247 11.063000 -0.165490 0.196092 0.966520 0.000000 0.000000 0.000000 0.000000 1.000000
0.985877 0.052234 0.159117 -0.005300 -0.019462 0.979413 -0.200927 11.063000 -0.166337 0.194993 0.966597 0.000000 0.000000 0.000000 0.000000 1.000000
0.985785 0.049773 0.160471 -0.005300 -0.017043 0.979809 -0.199210 11.063000 -0.167146 0.193643 0.966729 0.000000 0.000000 0.000000 0.000000 1.000000
0.985726 0.047509 0.161512 -0.005300 -0.014803 0.980100 -0.197952 11.063000 -0.167703 0.192736 0.966814 0.000000 0.000000 0.000000 0.000000 1.000000
0.985772 0.045898 0.161701 -0.005300 -0.013165 0.980124 -0.197946 11.063000 -0.167572 0.193001 0.966783 0.000000 0.000000 0.000000 0.000000 1.000000
0.985885 0.045553 0.161106 -0.005300 -0.012829 0.979998 -0.198593 11.063000 -0.166930 0.193724 0.966750 0.000000 0.000000 0.000000 0.000000 1.000000
0.986046 0.045749 0.160061 -0.005300 -0.013046 0.979777 -0.199668 11.063000 -0.165958 0.194794 0.966702 0.000000 0.000000 0.000000 0.000000 1.000000
0.986241 0.046259 0.158711 -0.005300 -0.013556 0.979449 -0.201237 11.063000 -0.164759 0.196316 0.966599 0.000000 0.000000 0.000000 0.000000 1.000000
0.986471 0.046963 0.157062 -0.005300 -0.014234 0.979006 -0.203335 11.063000 -0.163314 0.198349 0.966430 -0.000000 0.000000 0.000000 0.000000 1.000000
0.986760 0.047761 0.154996 -0.005300 -0.015020 0.978461 -0.205883 11.063000 -0.161491 0.200829 0.966224 0.000000 0.000000 0.000000 0.000000 1.000000
0.987152 0.048275 0.152320 -0.005300 -0.015641 0.977885 -0.208559 11.063000 -0.159019 0.203497 0.966075 0.000000 0.000000 0.000000 0.000000 1.000000
0.987596 0.048601 0.149305 -0.005300 -0.016203 0.977359 -0.210966 11.063000 -0.156178 0.205930 0.966024 -0.000000 0.000000 0.000000 0.000000 1.000000
0.987724 0.049249 0.148245 -0.005300 -0.016846 0.977049 -0.212347 11.063000 -0.155301 0.207243 0.965884 -0.000000 0.000000 0.000000 0.000000 1.000000
0.987620 0.050213 0.148609 -0.005300 -0.017600 0.976871 -0.213102 11.063000 -0.155873 0.207848 0.965662 0.000000 0.000000 0.000000 0.000000 1.000000
0.987403 0.051129 0.149738 -0.005300 -0.018190 0.976758 -0.213571 11.063000 -0.157177 0.208157 0.965384 0.000000 0.000000 0.000000 0.000000 1.000000
0.986866 0.051677 0.153050 -0.005300 -0.018071 0.976821 -0.213296 11.063000 -0.160525 0.207728 0.964925 -0.000000 0.000000 0.000000 0.000000 1.000000
0.986352 0.052216 0.156150 -0.005300 -0.017989 0.976879 -0.213033 11.063000 -0.163663 0.207317 0.964486 0.000000 0.000000 0.000000 0.000000 1.000000
0.985977 0.053425 0.158098 -0.005300 -0.018724 0.976805 -0.213312 11.063000 -0.165827 0.207360 0.964107 0.000000 0.000000 0.000000 0.000000 1.000000
0.985775 0.055427 0.158668 -0.005300 -0.020417 0.976557 -0.214290 11.063000 -0.166826 0.208002 0.963797 0.000000 0.000000 0.000000 0.000000 1.000000
0.985741 0.057662 0.158080 -0.005300 -0.022505 0.976190 -0.215746 11.063000 -0.166757 0.209112 0.963568 -0.000000 0.000000 0.000000 0.000000 1.000000
0.985848 0.058911 0.156947 -0.005300 -0.023795 0.975915 -0.216850 11.063000 -0.165942 0.210047 0.963506 0.000000 0.000000 0.000000 0.000000 1.000000
0.986007 0.059170 0.155849 -0.005300 -0.024223 0.975819 -0.217234 11.063000 -0.164934 0.210419 0.963598 0.000000 0.000000 0.000000 0.000000 1.000000
0.986130 0.059060 0.155113 -0.005300 -0.024255 0.975795 -0.217337 11.063000 -0.164195 0.210561 0.963693 -0.000000 0.000000 0.000000 0.000000 1.000000
0.986168 0.058663 0.155018 -0.005300 -0.024016 0.975975 -0.216555 11.063000 -0.163997 0.209837 0.963885 0.000000 0.000000 0.000000 0.000000 1.000000
0.986174 0.057956 0.155248 -0.005300 -0.023566 0.976375 -0.214793 11.063000 -0.164029 0.208165 0.964242 -0.000000 0.000000 0.000000 0.000000 1.000000
0.986175 0.057216 0.155513 -0.005300 -0.023094 0.976794 -0.212932 11.063000 -0.164088 0.206397 0.964612 -0.000000 0.000000 0.000000 0.000000 1.000000
0.986174 0.056452 0.155804 -0.005300 -0.022605 0.977225 -0.210998 11.063000 -0.164167 0.204559 0.964990 0.000000 0.000000 0.000000 0.000000 1.000000
0.986170 0.055673 0.156109 -0.005300 -0.022105 0.977662 -0.209018 11.063000 -0.164258 0.202676 0.965371 -0.000000 0.000000 0.000000 0.000000 1.000000
0.986165 0.054885 0.156418 -0.005300 -0.021601 0.978099 -0.207016 11.063000 -0.164355 0.200773 0.965752 0.000000 0.000000 0.000000 0.000000 1.000000
0.986160 0.054099 0.156723 -0.005300 -0.021098 0.978530 -0.205021 11.063000 -0.164450 0.198876 0.966129 0.000000 0.000000 0.000000 0.000000 1.000000
0.986156 0.053323 0.157014 -0.005300 -0.020603 0.978950 -0.203057 11.063000 -0.164536 0.197010 0.966496 0.000000 0.000000 0.000000 0.000000 1.000000</float_array><technique_common><accessor source="#Spine2-Matrix-animation-output-transform-array" count="32" stride="16"><param type="float4x4"/></accessor></technique_common></source><source id="Spine2-Interpolations"><Name_array id="Spine2-Interpolations-array" count="32">
 LINEAR LINEAR LINEAR LINEAR LINEAR LINEAR LINEAR LINEAR LINEAR LINEAR LINEAR
LINEAR LINEAR LINEAR LINEAR LINEAR LINEAR LINEAR LINEAR LINEAR LINEAR LINEAR LINEAR
LINEAR LINEAR LINEAR LINEAR LINEAR LINEAR LINEAR LINEAR LINEAR</Name_array><technique_common><accessor source="#Spine2-Interpolations-array" count="32"><param type="name"/></accessor></technique_common></source><sampler id="Spine2-Matrix-animation-transform"><input semantic="INPUT" source="#Spine2-Matrix-animation-input"/><input semantic="OUTPUT" source="#Spine2-Matrix-animation-output-transform"/><input semantic="INTERPOLATION" source="#Spine2-Interpolations"/></sampler><channel source="#Spine2-Matrix-animation-transform" target="Spine2/matrix"/></animation>
    <animation id="Neck-anim" name="Neck"><source id="Neck-Matrix-animation-input"><float_array id="Neck-Matrix-animation-input-array" count="32">

0.000000 0.033333 0.066667 0.100000 0.133333 0.166667 0.200000 0.233333 0.266667 0.300000 0.333333 0.366667 0.400000 0.433333 0.466667 0.500000
0.533333 0.566667 0.600000 0.633333 0.666667 0.700000 0.733333 0.766667 0.800000 0.833333 0.866667 0.900000 0.933333 0.966667 1.000000 1.033333</float_array><technique_common><accessor source="#Neck-Matrix-animation-input-array" count="32"><param name="TIME" type="float"/></accessor></technique_common></source><source id="Neck-Matrix-animation-output-transform"><float_array id="Neck-Matrix-animation-output-transform-array" count="512">

0.999747 -0.003600 -0.022215 -0.006000 0.005258 0.997169 0.075014 23.723499 0.021882 -0.075111 0.996935 -1.446200 0.000000 0.000000 0.000000 1.000000
0.999349 -0.025331 -0.025682 -0.006000 0.027265 0.996582 0.077979 23.723499 0.023619 -0.078629 0.996624 -1.446200 0.000000 0.000000 0.000000 1.000000
0.999262 -0.038388 -0.000924 -0.006000 0.038331 0.995767 0.083544 23.723499 -0.002287 -0.083518 0.996504 -1.446200 0.000000 0.000000 0.000000 1.000000
0.998215 -0.048326 0.035106 -0.006000 0.044978 0.994873 0.090581 23.723499 -0.039304 -0.088840 0.995270 -1.446200 0.000000 0.000000 0.000000 1.000000
0.995217 -0.059190 0.077720 -0.006000 0.051516 0.993923 0.097278 23.723499 -0.083006 -0.092809 0.992218 -1.446200 0.000000 0.000000 0.000000 1.000000
0.987937 -0.071854 0.137179 -0.006000 0.057959 0.993019 0.102730 23.723499 -0.143603 -0.093540 0.985205 -1.446200 0.000000 0.000000 0.000000 1.000000
0.976071 -0.086446 0.199530 -0.006000 0.065202 0.991713 0.110699 23.723499 -0.207446 -0.095040 0.973619 -1.446200 0.000000 0.000000 0.000000 1.000000
0.960042 -0.098759 0.261852 -0.006000 0.068789 0.990233 0.121268 23.723499 -0.271271 -0.098410 0.957459 -1.446200 0.000000 0.000000 0.000000 1.000000
0.941689 -0.107363 0.318896 -0.006000 0.068246 0.988973 0.131431 23.723499 -0.329491 -0.102004 0.938633 -1.446200 0.000000 0.000000 0.000000 1.000000
0.923730 -0.112487 0.366154 -0.006000 0.065293 0.988158 0.138855 23.723499 -0.377438 -0.104357 0.920136 -1.446200 0.000000 0.000000 0.000000 1.000000
0.909065 -0.115896 0.400212 -0.006000 0.062951 0.987713 0.143039 23.723499 -0.411872 -0.104838 0.905191 -1.446200 0.000000 0.000000 0.000000 1.000000
0.900009 -0.119522 0.419164 -0.006000 0.063263 0.987306 0.145688 23.723499 -0.431256 -0.104603 0.896145 -1.446200 0.000000 0.000000 0.000000 1.000000
0.896587 -0.123912 0.425180 -0.006000 0.066758 0.986904 0.146845 23.723499 -0.437808 -0.103275 0.893117 -1.446200 0.000000 0.000000 0.000000 1.000000
0.900639 -0.123742 0.416579 -0.006000 0.071876 0.987817 0.138029 23.723499 -0.428583 -0.094372 0.898560 -1.446200 0.000000 0.000000 0.000000 1.000000
0.908164 -0.120851 0.400791 -0.006000 0.077769 0.989462 0.122133 23.723499 -0.411328 -0.079748 0.907992 -1.446200 0.000000 0.000000 0.000000 1.000000
0.916449 -0.115884 0.383003 -0.006000 0.081594 0.991156 0.104655 23.723499 -0.391743 -0.064660 0.917800 -1.446200 0.000000 0.000000 0.000000 1.000000
0.926383 -0.102969 0.362232 -0.006000 0.077205 0.993391 0.084937 23.723499 -0.368584 -0.050718 0.928210 -1.446200 0.000000 0.000000 0.000000 1.000000
0.936100 -0.088518 0.340413 -0.006000 0.066197 0.994857 0.076659 23.723499 -0.345448 -0.049226 0.937146 -1.446200 0.000000 0.000000 0.000000 1.000000
0.945076 -0.075194 0.318083 -0.006000 0.052455 0.995456 0.079471 23.723499 -0.322614 -0.058421 0.944726 -1.446200 0.000000 0.000000 0.000000 1.000000
0.953178 -0.063264 0.295720 -0.006000 0.039262 0.995485 0.086414 23.723499 -0.299851 -0.070758 0.951358 -1.446200 0.000000 0.000000 0.000000 1.000000
0.960373 -0.051985 0.273826 -0.006000 0.029028 0.995765 0.087235 23.723499 -0.277202 -0.075830 0.957815 -1.446200 0.000000 0.000000 0.000000 1.000000
0.966912 -0.041635 0.251690 -0.006000 0.022749 0.996734 0.077485 23.723499 -0.254094 -0.069195 0.964701 -1.446200 0.000000 0.000000 0.000000 1.000000
0.973209 -0.034396 0.227336 -0.006000 0.020159 0.997704 0.064655 23.723499 -0.229038 -0.058340 0.971668 -1.446200 0.000000 0.000000 0.000000 1.000000
0.979235 -0.028477 0.200719 -0.006000 0.018228 0.998443 0.052728 23.723499 -0.201908 -0.047974 0.978229 -1.446200 0.000000 0.000000 0.000000 1.000000
0.984583 -0.024297 0.173222 -0.006000 0.016104 0.998691 0.048549 23.723499 -0.174175 -0.045011 0.983686 -1.446200 0.000000 0.000000 0.000000 1.000000
0.988994 -0.021881 0.146332 -0.006000 0.014569 0.998600 0.050855 23.723499 -0.147240 -0.048164 0.987927 -1.446200 0.000000 0.000000 0.000000 1.000000
0.992655 -0.019435 0.119406 -0.006000 0.013066 0.998461 0.053900 23.723499 -0.120270 -0.051944 0.991381 -1.446200 0.000000 0.000000 0.000000 1.000000
0.995574 -0.016878 0.092454 -0.006000 0.011584 0.998278 0.057506 23.723499 -0.093265 -0.056181 0.994055 -1.446200 0.000000 0.000000 0.000000 1.000000
0.997753 -0.014144 0.065484 -0.006000 0.010112 0.998056 0.061496 23.723499 -0.066226 -0.060696 0.995957 -1.446200 0.000000 0.000000 0.000000 1.000000
0.999196 -0.011186 0.038504 -0.006000 0.008639 0.997802 0.065695 23.723499 -0.039154 -0.065309 0.997097 -1.446200 0.000000 0.000000 0.000000 1.000000
0.999902 -0.007977 0.011519 -0.006000 0.007152 0.997526 0.069930 23.723499 -0.012048 -0.069840 0.997485 -1.446200 0.000000 0.000000 0.000000 1.000000
0.999870 -0.004507 -0.015468 -0.006000 0.005641 0.997240 0.074029 23.723499 0.015092 -0.074107 0.997136 -1.446200 0.000000 0.000000 0.000000 1.000000</float_array><technique_common><accessor source="#Neck-Matrix-animation-output-transform-array" count="32" stride="16"><param type="float4x4"/></accessor></technique_common></source><source id="Neck-Interpolations"><Name_array id="Neck-Interpolations-array" count="32">
 LINEAR LINEAR LINEAR LINEAR LINEAR LINEAR LINEAR LINEAR LINEAR LINEAR LINEAR
LINEAR LINEAR LINEAR LINEAR LINEAR LINEAR LINEAR LINEAR LINEAR LINEAR LINEAR LINEAR
LINEAR LINEAR LINEAR LINEAR LINEAR LINEAR LINEAR LINEAR LINEAR</Name_array><technique_common><accessor source="#Neck-Interpolations-array" count="32"><param type="name"/></accessor></technique_common></source><sampler id="Neck-Matrix-animation-transform"><input semantic="INPUT" source="#Neck-Matrix-animation-input"/><input semantic="OUTPUT" source="#Neck-Matrix-animation-output-transform"/><input semantic="INTERPOLATION" source="#Neck-Interpolations"/></sampler><channel source="#Neck-Matrix-animation-transform" target="Neck/matrix"/></animation>
    <animation id="Head-anim" name="Head"><source id="Head-Matrix-animation-input"><float_array id="Head-Matrix-animation-input-array" count="32">

0.000000 0.033333 0.066667 0.100000 0.133333 0.166667 0.200000 0.233333 0.266667 0.300000 0.333333 0.366667 0.400000 0.433333 0.466667 0.500000
0.533333 0.566667 0.600000 0.633333 0.666667 0.700000 0.733333 0.766667 0.800000 0.833333 0.866667 0.900000 0.933333 0.966667 1.000000 1.033333</float_array><technique_common><accessor source="#Head-Matrix-animation-input-array" count="32"><param name="TIME" type="float"/></accessor></technique_common></source><source id="Head-Matrix-animation-output-transform"><float_array id="Head-Matrix-animation-output-transform-array" count="512">

0.937032 0.006168 0.349190 0.000000 -0.044691 0.993742 0.102370 10.037100 -0.346374 -0.111530 0.931443 3.529500 0.000000 0.000000 0.000000 1.000000
0.937399 0.009873 0.348116 0.000000 -0.043764 0.995013 0.089627 10.037100 -0.345495 -0.099251 0.933157 3.529500 0.000000 0.000000 0.000000 1.000000
0.935675 0.009307 0.352740 0.000000 -0.035401 0.997084 0.067598 10.037100 -0.351083 -0.075737 0.933276 3.529500 0.000000 0.000000 0.000000 1.000000
0.932921 0.007429 0.360004 0.000000 -0.024149 0.998827 0.041969 10.037100 -0.359270 -0.047848 0.932006 3.529500 0.000000 0.000000 0.000000 1.000000
0.928457 0.008047 0.371352 0.000000 -0.015384 0.999741 0.016799 10.037100 -0.371120 -0.021310 0.928340 3.529500 0.000000 0.000000 0.000000 1.000000
0.919697 0.014757 0.392351 0.000000 -0.012671 0.999888 -0.007905 10.037100 -0.392424 0.002299 0.919782 3.529500 0.000000 0.000000 0.000000 1.000000
0.908986 0.023422 0.416168 0.000000 -0.008460 0.999251 -0.037760 10.037100 -0.416741 0.030802 0.908503 3.529500 0.000000 0.000000 0.000000 1.000000
0.897487 0.031246 0.439932 0.000000 0.000532 0.997410 -0.071927 10.037100 -0.441040 0.064788 0.895146 3.529500 0.000000 0.000000 0.000000 1.000000
0.885560 0.038676 0.462911 -0.000000 0.010549 0.994596 -0.103280 10.037100 -0.464405 0.096344 0.880367 3.529500 0.000000 0.000000 0.000000 1.000000
0.873252 0.047179 0.484979 -0.000000 0.016482 0.991872 -0.126168 10.037100 -0.486990 0.118170 0.865377 3.529500 0.000000 0.000000 0.000000 1.000000
0.860419 0.058726 0.506191 0.000000 0.013862 0.990273 -0.138449 10.037100 -0.509398 0.126141 0.851236 3.529500 0.000000 0.000000 0.000000 1.000000
0.847466 0.074007 0.525666 0.000000 0.003321 0.989476 -0.144658 10.037100 -0.530839 0.124339 0.838302 3.529500 0.000000 0.000000 0.000000 1.000000
0.835334 0.091131 0.542136 0.000000 -0.010397 0.988607 -0.150160 10.037100 -0.549644 0.119797 0.826765 3.529500 0.000000 0.000000 0.000000 1.000000
0.825942 0.108074 0.553298 0.000000 -0.031212 0.988714 -0.146531 10.037100 -0.562890 0.103757 0.819994 3.529500 0.000000 0.000000 0.000000 1.000000
0.817606 0.124280 0.562206 0.000000 -0.056120 0.988979 -0.137008 10.037100 -0.573037 0.080468 0.815569 3.529500 0.000000 0.000000 0.000000 1.000000
0.809371 0.138872 0.570643 0.000000 -0.082001 0.988845 -0.124340 10.037100 -0.581545 0.053844 0.811731 3.529500 0.000000 0.000000 0.000000 1.000000
0.802601 0.149282 0.577535 0.000000 -0.110991 0.988645 -0.101302 10.037100 -0.586099 0.017203 0.810057 3.529500 0.000000 0.000000 0.000000 1.000000
0.797974 0.155668 0.582242 0.000000 -0.134009 0.987712 -0.080411 10.037100 -0.587605 -0.013860 0.809029 3.529500 0.000000 0.000000 0.000000 1.000000
0.795831 0.159454 0.584147 -0.000000 -0.151248 0.986472 -0.063219 10.037100 -0.586325 -0.038040 0.809182 3.529500 0.000000 0.000000 0.000000 1.000000
0.796270 0.161435 0.583003 -0.000000 -0.165046 0.985148 -0.047369 10.037100 -0.581991 -0.058504 0.811088 3.529500 0.000000 0.000000 0.000000 1.000000
0.799205 0.161666 0.578909 0.000000 -0.177659 0.983652 -0.029430 10.037100 -0.574203 -0.079328 0.814861 3.529500 0.000000 0.000000 0.000000 1.000000
0.805466 0.158886 0.570947 0.000000 -0.186171 0.982458 -0.010762 10.037100 -0.562642 -0.097625 0.820916 3.529500 0.000000 0.000000 0.000000 1.000000
0.815677 0.151518 0.558313 0.000000 -0.186374 0.982463 0.005660 10.037100 -0.547664 -0.108672 0.829611 3.529500 0.000000 0.000000 0.000000 1.000000
0.829031 0.138503 0.541778 0.000000 -0.179447 0.983495 0.023164 10.037100 -0.529628 -0.116424 0.840202 3.529500 0.000000 0.000000 0.000000 1.000000
0.844434 0.122100 0.521559 0.000000 -0.166784 0.985206 0.039391 10.037100 -0.509033 -0.120251 0.852306 3.529500 0.000000 0.000000 0.000000 1.000000
0.859717 0.106468 0.499552 0.000000 -0.152091 0.987030 0.051384 10.037100 -0.487602 -0.120153 0.864759 3.529500 0.000000 0.000000 0.000000 1.000000
0.874295 0.090749 0.476836 -0.000000 -0.136559 0.988676 0.062226 10.037100 -0.465789 -0.119520 0.876787 3.529500 0.000000 0.000000 0.000000 1.000000
0.888105 0.074916 0.453495 -0.000000 -0.120268 0.990130 0.071960 10.037100 -0.443628 -0.118449 0.888349 3.529500 0.000000 0.000000 0.000000 1.000000
0.901088 0.058951 0.429611 0.000000 -0.103303 0.991376 0.080638 10.037100 -0.421153 -0.117042 0.899406 3.529500 0.000000 0.000000 0.000000 1.000000
0.913195 0.042847 0.405265 0.000000 -0.085759 0.992393 0.088321 10.037100 -0.398398 -0.115410 0.909923 3.529500 0.000000 0.000000 0.000000 1.000000
0.924384 0.026613 0.380534 -0.000000 -0.067735 0.993162 0.095084 10.037100 -0.375402 -0.113670 0.919866 3.529500 0.000000 0.000000 0.000000 1.000000
0.934623 0.010268 0.355491 0.000000 -0.049336 0.993661 0.101009 10.037100 -0.352201 -0.111944 0.929206 3.529500 0.000000 0.000000 0.000000 1.000000</float_array><technique_common><accessor source="#Head-Matrix-animation-output-transform-array" count="32" stride="16"><param type="float4x4"/></accessor></technique_common></source><source id="Head-Interpolations"><Name_array id="Head-Interpolations-array" count="32">
 LINEAR LINEAR LINEAR LINEAR LINEAR LINEAR LINEAR LINEAR LINEAR LINEAR LINEAR
LINEAR LINEAR LINEAR LINEAR LINEAR LINEAR LINEAR LINEAR LINEAR LINEAR LINEAR LINEAR
LINEAR LINEAR LINEAR LINEAR LINEAR LINEAR LINEAR LINEAR LINEAR</Name_array><technique_common><accessor source="#Head-Interpolations-array" count="32"><param type="name"/></accessor></technique_common></source><sampler id="Head-Matrix-animation-transform"><input semantic="INPUT" source="#Head-Matrix-animation-input"/><input semantic="OUTPUT" source="#Head-Matrix-animation-output-transform"/><input semantic="INTERPOLATION" source="#Head-Interpolations"/></sampler><channel source="#Head-Matrix-animation-transform" target="Head/matrix"/></animation>
    <animation id="LeftShoulder-anim" name="LeftShoulder"><source id="LeftShoulder-Matrix-animation-input"><float_array id="LeftShoulder-Matrix-animation-input-array" count="32">

0.000000 0.033333 0.066667 0.100000 0.133333 0.166667 0.200000 0.233333 0.266667 0.300000 0.333333 0.366667 0.400000 0.433333 0.466667 0.500000
