<?xml version="1.0" encoding="utf-8"?>
<COLLADA xmlns="http://www.collada.org/2005/11/COLLADASchema" version="1.4.1">
  <asset><contributor><author>Mixamo</author><authoring_tool>COLLADA Mixamo exporter</authoring_tool><comments></comments></contributor><created>2018-06-07T01:33:51Z</created><modified>2018-06-07T01:33:51Z</modified><revision></revision><title></title><unit meter="0.010000"/><up_axis>Y_UP</up_axis></asset>
  <library_animations>
    <animation id="Hips-anim" name="Hips"><source id="Hips-Matrix-animation-input"><float_array id="Hips-Matrix-animation-input-array" count="32">

0.000000 0.033333 0.066667 0.100000 0.133333 0.166667 0.200000 0.233333 0.266667 0.300000 0.333333 0.366667 0.400000 0.433333 0.466667 0.500000
0.533333 0.566667 0.600000 0.633333 0.666667 0.700000 0.733333 0.766667 0.800000 0.833333 0.866667 0.900000 0.933333 0.966667 1.000000 1.033333</float_array><technique_common><accessor source="#Hips-Matrix-animation-input-array" count="32"><param name="TIME" type="float"/></accessor></technique_common></source><source id="Hips-Matrix-animation-output-transform"><float_array id="Hips-Matrix-animation-output-transform-array" count="512">

0.999184 0.022468 0.033563 0.014718 -0.021332 0.999200 -0.033836 115.182465 -0.034296 0.033092 0.998864 -1.896397 0.000000 0.000000 0.000000 1.000000
0.999650 0.014030 0.022441 0.201445 -0.013023 0.998930 -0.044382 116.492088 -0.023040 0.044074 0.998763 -2.359128 0.000000 0.000000 0.000000 1.000000
0.999882 0.008425 0.012837 0.425664 -0.007706 0.998451 -0.055095 116.982300 -0.013282 0.054989 0.998399 -3.047016 0.000000 0.000000 0.000000 1.000000
0.999778 0.020152 -0.006183 0.695924 -0.020501 0.997812 -0.062856 116.292557 0.004903 0.062969 0.998003 -3.650436 0.000000 0.000000 0.000000 1.000000
0.998503 0.043503 -0.033155 1.002527 -0.045631 0.996750 -0.066382 114.626068 0.030159 0.067796 0.997243 -3.934865 0.000000 0.000000 0.000000 1.000000
0.997059 0.054732 -0.053640 1.333826 -0.058365 0.995931 -0.068669 112.673874 0.049664 0.071597 0.996196 -3.859031 0.000000 0.000000 0.000000 1.000000
0.996511 0.053345 -0.064195 1.765303 -0.057710 0.996002 -0.068182 111.151199 0.060301 0.071649 0.995605 -3.732627 0.000000 0.000000 0.000000 1.000000
0.997193 0.043512 -0.060929 2.331367 -0.046899 0.997367 -0.055307 110.106918 0.058362 0.058010 0.996609 -2.724393 0.000000 0.000000 0.000000 1.000000
0.998106 0.034119 -0.051181 3.082232 -0.036209 0.998524 -0.040485 109.520630 0.049724 0.042262 0.997868 -1.135684 0.000000 0.000000 0.000000 1.000000
0.998773 0.028254 -0.040665 3.939392 -0.029450 0.999142 -0.029110 108.982147 0.039808 0.030271 0.998749 0.412576 0.000000 0.000000 0.000000 1.000000
0.999252 0.022102 -0.031727 4.716644 -0.022703 0.999567 -0.018724 107.935959 0.031299 0.019430 0.999321 1.235261 0.000000 0.000000 0.000000 1.000000
0.999714 0.010728 -0.021356 5.380064 -0.010937 0.999893 -0.009697 107.403946 0.021250 0.009928 0.999725 1.245757 0.000000 0.000000 0.000000 1.000000
0.999953 -0.001778 -0.009520 5.860999 0.001761 0.999997 -0.001819 107.585800 0.009523 0.001802 0.999953 0.866930 0.000000 0.000000 0.000000 1.000000
0.999907 -0.012879 0.004456 5.921417 0.012859 0.999907 0.004455 108.668579 -0.004513 -0.004397 0.999980 0.417270 0.000000 0.000000 0.000000 1.000000
0.999538 -0.023271 0.019546 5.736128 0.023061 0.999675 0.010908 110.271629 -0.019794 -0.010452 0.999749 -0.012462 0.000000 0.000000 0.000000 1.000000
0.998903 -0.031415 0.034731 5.458492 0.030969 0.999432 0.013323 111.639572 -0.035130 -0.012233 0.999308 -0.312778 0.000000 0.000000 0.000000 1.000000
0.998122 -0.035964 0.049595 5.136457 0.035489 0.999316 0.010410 112.570580 -0.049935 -0.008630 0.998715 -0.433948 0.000000 0.000000 0.000000 1.000000
0.997177 -0.038573 0.064425 4.775096 0.038328 0.999253 0.005032 113.345146 -0.064571 -0.002548 0.997910 -0.472215 0.000000 0.000000 0.000000 1.000000
0.995974 -0.041164 0.079636 4.391728 0.041446 0.999139 -0.001894 113.953979 -0.079490 0.005187 0.996822 -0.479679 0.000000 0.000000 0.000000 1.000000
0.994289 -0.046336 0.096141 3.996266 0.047500 0.998823 -0.009859 114.311562 -0.095571 0.014369 0.995319 -0.501416 0.000000 0.000000 0.000000 1.000000
0.991492 -0.058453 0.116307 3.522269 0.061665 0.997803 -0.024204 113.584747 -0.114637 0.031170 0.992918 -0.513061 0.000000 0.000000 0.000000 1.000000
0.990008 -0.060921 0.127175 3.096820 0.066547 0.996962 -0.040465 112.868752 -0.124323 0.048524 0.991055 -0.724625 0.000000 0.000000 0.000000 1.000000
0.990011 -0.057293 0.128825 2.467708 0.063396 0.997028 -0.043776 111.441925 -0.125934 0.051506 0.990701 -0.246004 0.000000 0.000000 0.000000 1.000000
0.991550 -0.046197 0.121223 1.703953 0.050943 0.998040 -0.036343 110.039543 -0.119307 0.042211 0.991960 0.917831 0.000000 0.000000 0.000000 1.000000
0.993565 -0.030832 0.108986 0.903769 0.033924 0.999070 -0.026628 108.966446 -0.108064 0.030154 0.993687 2.235729 0.000000 0.000000 0.000000 1.000000
0.994905 -0.018766 0.099054 0.136256 0.021368 0.999452 -0.025267 108.009644 -0.098525 0.027255 0.994761 2.891343 0.000000 0.000000 0.000000 1.000000
0.995933 -0.006752 0.089846 -0.665154 0.009150 0.999612 -0.026313 107.712418 -0.089634 0.027028 0.995608 2.871774 0.000000 0.000000 0.000000 1.000000
0.996755 0.004474 0.080376 -1.261458 -0.002142 0.999575 -0.029073 108.061562 -0.080472 0.028806 0.996341 2.033876 0.000000 0.000000 0.000000 1.000000
0.997452 0.013005 0.070150 -1.443833 -0.010750 0.999416 -0.032430 109.101540 -0.070531 0.031593 0.997009 0.956678 0.000000 0.000000 0.000000 1.000000
0.998086 0.018283 0.059081 -1.181287 -0.016217 0.999247 -0.035254 110.747566 -0.059681 0.034228 0.997631 0.014305 0.000000 0.000000 0.000000 1.000000
0.998646 0.021259 0.047477 -0.636930 -0.019539 0.999146 -0.036409 112.762680 -0.048211 0.035432 0.998209 -0.772538 0.000000 0.000000 0.000000 1.000000
0.999091 0.022267 0.036337 -0.115786 -0.021017 0.999186 -0.034421 114.699272 -0.037074 0.033626 0.998747 -1.669647 0.000000 0.000000 0.000000 1.000000</float_array><technique_common><accessor source="#Hips-Matrix-animation-output-transform-array" count="32" stride="16"><param type="float4x4"/></accessor></technique_common></source><source id="Hips-Interpolations"><Name_array id="Hips-Interpolations-array" count="32">
 LINEAR LINEAR LINEAR LINEAR LINEAR LINEAR LINEAR LINEAR LINEAR LINEAR LINEAR
LINEAR LINEAR LINEAR LINEAR LINEAR LINEAR LINEAR LINEAR LINEAR LINEAR LINEAR LINEAR
LINEAR LINEAR LINEAR LINEAR LINEAR LINEAR LINEAR LINEAR LINEAR</Name_array><technique_common><accessor source="#Hips-Interpolations-array" count="32"><param type="name"/></accessor></technique_common></source><sampler id="Hips-Matrix-animation-transform"><input semantic="INPUT" source="#Hips-Matrix-animation-input"/><input semantic="OUTPUT" source="#Hips-Matrix-animation-output-transform"/><input semantic="INTERPOLATION" source="#Hips-Interpolations"/></sampler><channel source="#Hips-Matrix-animation-transform" target="Hips/matrix"/></animation>
    <animation id="Spine-anim" name="Spine"><source id="Spine-Matrix-animation-input"><float_array id="Spine-Matrix-animation-input-array" count="32">

0.000000 0.033333 0.066667 0.100000 0.133333 0.166667 0.200000 0.233333 0.266667 0.300000 0.333333 0.366667 0.400000 0.433333 0.466667 0.500000
0.533333 0.566667 0.600000 0.633333 0.666667 0.700000 0.733333 0.766667 0.800000 0.833333 0.866667 0.900000 0.933333 0.966667 1.000000 1.033333</float_array><technique_common><accessor source="#Spine-Matrix-animation-input-array" count="32"><param name="TIME" type="float"/></accessor></technique_common></source><source id="Spine-Matrix-animation-output-transform"><float_array id="Spine-Matrix-animation-output-transform-array" count="512">

0.999593 -0.020344 -0.019979 0.000000 0.018072 0.993993 -0.107945 13.214800 0.022055 0.107540 0.993956 0.000000 0.000000 0.000000 0.000000 1.000000
0.999936 -0.010965 -0.002778 0.000000 0.010630 0.994859 -0.100711 13.214800 0.003868 0.100675 0.994912 0.000000 0.000000 0.000000 0.000000 1.000000
0.999861 -0.010277 0.013156 0.000000 0.011459 0.995580 -0.093213 13.214800 -0.012140 0.093351 0.995559 0.000000 0.000000 0.000000 0.000000 1.000000
0.998760 -0.033348 0.036951 0.000000 0.036352 0.995814 -0.083865 13.214800 -0.034000 0.085104 0.995792 0.000000 0.000000 0.000000 0.000000 1.000000
0.995875 -0.066497 0.061737 0.000000 0.070888 0.994890 -0.071894 13.214800 -0.056641 0.075974 0.995500 0.000000 0.000000 0.000000 0.000000 1.000000
0.994946 -0.072594 0.069379 0.000000 0.076949 0.995086 -0.062311 13.214800 -0.064514 0.067335 0.995642 0.000000 0.000000 0.000000 0.000000 1.000000
0.995439 -0.059583 0.074500 -0.000000 0.064301 0.995964 -0.062620 13.214800 -0.070468 0.067125 0.995253 -0.000000 0.000000 0.000000 0.000000 1.000000
0.996342 -0.036090 0.077464 0.000000 0.041237 0.996974 -0.065898 13.214800 -0.074851 0.068851 0.994815 0.000000 0.000000 0.000000 0.000000 1.000000
0.997074 -0.012268 0.075447 0.000000 0.017134 0.997791 -0.064189 13.214800 -0.074493 0.065294 0.995082 0.000000 0.000000 0.000000 0.000000 1.000000
0.997411 0.006258 0.071641 0.000000 -0.001966 0.998206 -0.059835 13.214800 -0.071887 0.059540 0.995634 0.000000 0.000000 0.000000 0.000000 1.000000
0.997237 0.018819 0.071858 0.000000 -0.014223 0.997852 -0.063943 13.214800 -0.072907 0.062744 0.995363 0.000000 0.000000 0.000000 0.000000 1.000000
0.997809 0.025714 0.060957 -0.000000 -0.021441 0.997334 -0.069745 13.214800 -0.062588 0.068285 0.995701 0.000000 0.000000 0.000000 0.000000 1.000000
0.999160 0.027729 0.030156 -0.000000 -0.025351 0.996741 -0.076578 13.214800 -0.032181 0.075750 0.996607 0.000000 0.000000 0.000000 0.000000 1.000000
0.999536 0.030406 -0.001609 -0.000000 -0.030436 0.996214 -0.081430 13.214800 -0.000873 0.081441 0.996678 0.000000 0.000000 0.000000 0.000000 1.000000
0.998976 0.034998 -0.028667 -0.000000 -0.037311 0.995718 -0.084580 13.214800 0.025584 0.085563 0.996004 0.000000 0.000000 0.000000 0.000000 1.000000
0.997842 0.039888 -0.052155 0.000000 -0.044280 0.995313 -0.085968 13.214800 0.048482 0.088092 0.994932 0.000000 0.000000 0.000000 0.000000 1.000000
0.996444 0.043966 -0.071877 0.000000 -0.050107 0.995034 -0.086008 13.214800 0.067739 0.089303 0.993698 -0.000000 0.000000 0.000000 0.000000 1.000000
0.994833 0.047763 -0.089593 0.000000 -0.055444 0.994812 -0.085300 13.214800 0.085054 0.089827 0.992319 -0.000000 0.000000 0.000000 0.000000 1.000000
0.992921 0.053041 -0.106276 -0.000000 -0.062049 0.994588 -0.083329 13.214800 0.101281 0.089334 0.990839 0.000000 0.000000 0.000000 0.000000 1.000000
0.990399 0.063181 -0.122952 0.000000 -0.073199 0.994204 -0.078741 13.214800 0.117265 0.086985 0.989284 0.000000 0.000000 0.000000 0.000000 1.000000
0.986882 0.087853 -0.135446 -0.000000 -0.097316 0.993136 -0.064889 13.214800 0.128815 0.077218 0.988658 -0.000000 0.000000 0.000000 0.000000 1.000000
0.987724 0.084968 -0.131076 0.000000 -0.092788 0.994180 -0.054744 13.214800 0.125662 0.066234 0.989860 -0.000000 0.000000 0.000000 0.000000 1.000000
0.989869 0.073462 -0.121505 0.000000 -0.080920 0.995053 -0.057624 13.214800 0.116670 0.066873 0.990917 0.000000 0.000000 0.000000 0.000000 1.000000
0.992345 0.051214 -0.112375 -0.000000 -0.058936 0.996044 -0.066505 13.214800 0.108525 0.072619 0.991438 0.000000 0.000000 0.000000 0.000000 1.000000
0.993498 0.024666 -0.111144 0.000000 -0.032821 0.996853 -0.072153 13.214800 0.109014 0.075331 0.991182 0.000000 0.000000 0.000000 0.000000 1.000000
0.992299 0.008854 -0.123549 -0.000000 -0.017439 0.997493 -0.068584 13.214800 0.122632 0.070210 0.989966 0.000000 0.000000 0.000000 0.000000 1.000000
0.992459 0.002991 -0.122542 0.000000 -0.011186 0.997741 -0.066241 13.214800 0.122067 0.067112 0.990250 -0.000000 0.000000 0.000000 0.000000 1.000000
0.995028 0.000569 -0.099591 -0.000000 -0.007854 0.997317 -0.072775 13.214800 0.099283 0.073195 0.992364 0.000000 0.000000 0.000000 0.000000 1.000000
0.997454 -0.002095 -0.071281 0.000000 -0.003696 0.996707 -0.081006 13.214800 0.071216 0.081064 0.994161 0.000000 0.000000 0.000000 0.000000 1.000000
0.998769 -0.007111 -0.049082 -0.000000 0.002826 0.996221 -0.086812 13.214800 0.049514 0.086567 0.995015 -0.000000 0.000000 0.000000 0.000000 1.000000
0.999310 -0.014130 -0.034361 0.000000 0.010912 0.995689 -0.092109 13.214800 0.035515 0.091671 0.995156 0.000000 0.000000 0.000000 0.000000 1.000000
0.999557 -0.019170 -0.022788 0.000000 0.016685 0.994370 -0.104642 13.214800 0.024666 0.104215 0.994249 -0.000000 0.000000 0.000000 0.000000 1.000000</float_array><technique_common><accessor source="#Spine-Matrix-animation-output-transform-array" count="32" stride="16"><param type="float4x4"/></accessor></technique_common></source><source id="Spine-Interpolations"><Name_array id="Spine-Interpolations-array" count="32">
 LINEAR LINEAR LINEAR LINEAR LINEAR LINEAR LINEAR LINEAR LINEAR LINEAR LINEAR
LINEAR LINEAR LINEAR LINEAR LINEAR LINEAR LINEAR LINEAR LINEAR LINEAR LINEAR LINEAR
LINEAR LINEAR LINEAR LINEAR LINEAR LINEAR LINEAR LINEAR LINEAR</Name_array><technique_common><accessor source="#Spine-Interpolations-array" count="32"><param type="name"/></accessor></technique_common></source><sampler id="Spine-Matrix-animation-transform"><input semantic="INPUT" source="#Spine-Matrix-animation-input"/><input semantic="OUTPUT" source="#Spine-Matrix-animation-output-transform"/><input semantic="INTERPOLATION" source="#Spine-Interpolations"/></sampler><channel source="#Spine-Matrix-animation-transform" target="Spine/matrix"/></animation>
    <animation id="Spine1-anim" name="Spine1"><source id="Spine1-Matrix-animation-input"><float_array id="Spine1-Matrix-animation-input-array" count="32">

0.000000 0.033333 0.066667 0.100000 0.133333 0.166667 0.200000 0.233333 0.266667 0.300000 0.333333 0.366667 0.400000 0.433333 0.466667 0.500000
0.533333 0.566667 0.600000 0.633333 0.666667 0.700000 0.733333 0.766667 0.800000 0.833333 0.866667 0.900000 0.933333 0.966667 1.000000 1.033333</float_array><technique_common><accessor source="#Spine1-Matrix-animation-input-array" count="32"><param name="TIME" type="float"/></accessor></technique_common></source><source id="Spine1-Matrix-animation-output-transform"><float_array id="Spine1-Matrix-animation-output-transform-array" count="512">

0.998877 -0.021488 -0.042215 -0.007800 0.019647 0.998858 -0.043549 9.224200 0.043103 0.042670 0.998159 -0.000000 0.000000 0.000000 0.000000 1.000000
0.999414 -0.011681 -0.032174 -0.007800 0.010425 0.999187 -0.038948 9.224200 0.032602 0.038590 0.998723 0.000000 0.000000 0.000000 0.000000 1.000000
0.999762 -0.000115 -0.021830 -0.007800 -0.000655 0.999378 -0.035254 9.224200 0.021821 0.035260 0.999140 0.000000 0.000000 0.000000 0.000000 1.000000
0.999813 0.015658 -0.011348 -0.007800 -0.016036 0.999292 -0.034037 9.224200 0.010807 0.034213 0.999356 0.000000 0.000000 0.000000 0.000000 1.000000
0.999541 0.030288 0.000260 -0.007800 -0.030261 0.998936 -0.034808 9.224200 -0.001314 0.034784 0.999394 0.000000 0.000000 0.000000 0.000000 1.000000
0.999345 0.033073 0.014667 -0.007800 -0.032543 0.998856 -0.035030 9.224200 -0.015809 0.034530 0.999279 0.000000 0.000000 0.000000 0.000000 1.000000
0.999099 0.030941 0.029062 -0.007800 -0.029898 0.998917 -0.035653 9.224200 -0.030134 0.034752 0.998942 0.000000 0.000000 0.000000 0.000000 1.000000
0.998777 0.029354 0.039789 -0.007800 -0.027900 0.998939 -0.036635 9.224200 -0.040823 0.035480 0.998536 0.000000 0.000000 0.000000 0.000000 1.000000
0.998705 0.024140 0.044777 -0.007800 -0.022642 0.999177 -0.033651 9.224200 -0.045553 0.032594 0.998430 -0.000000 0.000000 0.000000 0.000000 1.000000
0.998949 0.016254 0.042869 -0.007800 -0.015100 0.999518 -0.027109 9.224200 -0.043288 0.026433 0.998713 0.000000 0.000000 0.000000 0.000000 1.000000
0.999323 0.012256 0.034678 -0.007800 -0.011481 0.999682 -0.022438 9.224200 -0.034942 0.022025 0.999147 0.000000 0.000000 0.000000 0.000000 1.000000
0.999540 0.012366 0.027701 -0.007800 -0.011744 0.999677 -0.022531 9.224200 -0.027970 0.022196 0.999362 0.000000 0.000000 0.000000 0.000000 1.000000
0.999779 0.010183 0.018397 -0.007800 -0.009699 0.999608 -0.026250 9.224200 -0.018657 0.026066 0.999486 0.000000 0.000000 0.000000 0.000000 1.000000
0.999972 0.006871 0.003056 -0.007800 -0.006777 0.999534 -0.029766 9.224200 -0.003259 0.029745 0.999552 0.000000 0.000000 0.000000 0.000000 1.000000
0.999861 0.004042 -0.016201 -0.007800 -0.004564 0.999468 -0.032282 9.224200 0.016062 0.032352 0.999347 0.000000 0.000000 0.000000 0.000000 1.000000
0.999383 -0.001141 -0.035114 -0.007800 -0.000062 0.999414 -0.034218 9.224200 0.035133 0.034199 0.998797 -0.000000 0.000000 0.000000 0.000000 1.000000
0.998581 -0.009403 -0.052415 -0.007800 0.007543 0.999339 -0.035575 9.224200 0.052715 0.035129 0.997992 0.000000 0.000000 0.000000 0.000000 1.000000
0.997417 -0.019040 -0.069260 -0.007800 0.016518 0.999186 -0.036797 9.224200 0.069905 0.035558 0.996920 0.000000 0.000000 0.000000 0.000000 1.000000
0.995882 -0.029556 -0.085707 -0.007800 0.026337 0.998914 -0.038444 9.224200 0.086750 0.036029 0.995578 0.000000 0.000000 0.000000 0.000000 1.000000
0.993971 -0.041094 -0.101652 -0.007800 0.037054 0.998458 -0.041326 9.224200 0.103194 0.037310 0.993961 -0.000000 0.000000 0.000000 0.000000 1.000000
0.991746 -0.056012 -0.115339 -0.007800 0.050895 0.997605 -0.046843 9.224200 0.117686 0.040587 0.992221 0.000000 0.000000 0.000000 0.000000 1.000000
0.990012 -0.056985 -0.128951 -0.007800 0.051431 0.997616 -0.046004 9.224200 0.131265 0.038912 0.990583 0.000000 0.000000 0.000000 0.000000 1.000000
0.988984 -0.056075 -0.136992 -0.007800 0.050207 0.997682 -0.045925 9.224200 0.139249 0.038541 0.989507 -0.000000 0.000000 0.000000 0.000000 1.000000
0.988770 -0.052855 -0.139790 -0.007800 0.046926 0.997867 -0.045380 9.224200 0.141890 0.038311 0.989141 0.000000 0.000000 0.000000 0.000000 1.000000
0.989289 -0.049148 -0.137449 -0.007800 0.043506 0.998094 -0.043758 9.224200 0.139337 0.037309 0.989542 -0.000000 0.000000 0.000000 0.000000 1.000000
0.990301 -0.049292 -0.129904 -0.007800 0.044172 0.998140 -0.042006 9.224200 0.131733 0.035860 0.990636 0.000000 0.000000 0.000000 0.000000 1.000000
0.991139 -0.049329 -0.123333 -0.007800 0.044609 0.998173 -0.040745 9.224200 0.125118 0.034882 0.991529 0.000000 0.000000 0.000000 0.000000 1.000000
0.992361 -0.046853 -0.114125 -0.007800 0.042393 0.998251 -0.041201 9.224200 0.115856 0.036048 0.992612 0.000000 0.000000 0.000000 0.000000 1.000000
0.994231 -0.042391 -0.098531 -0.007800 0.038257 0.998322 -0.043476 9.224200 0.100209 0.039455 0.994184 -0.000000 0.000000 0.000000 0.000000 1.000000
0.996307 -0.036493 -0.077721 -0.007800 0.032978 0.998395 -0.046035 9.224200 0.079276 0.043302 0.995912 -0.000000 0.000000 0.000000 0.000000 1.000000
0.997890 -0.029624 -0.057767 -0.007800 0.026968 0.998567 -0.046231 9.224200 0.059054 0.044575 0.997259 0.000000 0.000000 0.000000 0.000000 1.000000
0.998712 -0.023104 -0.045176 -0.007800 0.021111 0.998803 -0.044124 9.224200 0.046142 0.043114 0.998004 0.000000 0.000000 0.000000 0.000000 1.000000</float_array><technique_common><accessor source="#Spine1-Matrix-animation-output-transform-array" count="32" stride="16"><param type="float4x4"/></accessor></technique_common></source><source id="Spine1-Interpolations"><Name_array id="Spine1-Interpolations-array" count="32">
 LINEAR LINEAR LINEAR LINEAR LINEAR LINEAR LINEAR LINEAR LINEAR LINEAR LINEAR
LINEAR LINEAR LINEAR LINEAR LINEAR LINEAR LINEAR LINEAR LINEAR LINEAR LINEAR LINEAR
LINEAR LINEAR LINEAR LINEAR LINEAR LINEAR LINEAR LINEAR LINEAR</Name_array><technique_common><accessor source="#Spine1-Interpolations-array" count="32"><param type="name"/></accessor></technique_common></source><sampler id="Spine1-Matrix-animation-transform"><input semantic="INPUT" source="#Spine1-Matrix-animation-input"/><input semantic="OUTPUT" source="#Spine1-Matrix-animation-output-transform"/><input semantic="INTERPOLATION" source="#Spine1-Interpolations"/></sampler><channel source="#Spine1-Matrix-animation-transform" target="Spine1/matrix"/></animation>
    <animation id="Spine2-anim" name="Spine2"><source id="Spine2-Matrix-animation-input"><float_array id="Spine2-Matrix-animation-input-array" count="32">

0.000000 0.033333 0.066667 0.100000 0.133333 0.166667 0.200000 0.233333 0.266667 0.300000 0.333333 0.366667 0.400000 0.433333 0.466667 0.500000
0.533333 0.566667 0.600000 0.633333 0.666667 0.700000 0.733333 0.766667 0.800000 0.833333 0.866667 0.900000 0.933333 0.966667 1.000000 1.033333</float_array><technique_common><accessor source="#Spine2-Matrix-animation-input-array" count="32"><param name="TIME" type="float"/></accessor></technique_common></source><source id="Spine2-Matrix-animation-output-transform"><float_array id="Spine2-Matrix-animation-output-transform-array" count="512">

0.998867 -0.023401 -0.041444 -0.005300 0.021613 0.998838 -0.043085 11.063000 0.042404 0.042141 0.998211 0.000000 0.000000 0.000000 0.000000 1.000000
0.999417 -0.013315 -0.031425 -0.005300 0.012096 0.999180 -0.038648 11.063000 0.031914 0.038245 0.998759 0.000000 0.000000 0.000000 0.000000 1.000000
0.999773 -0.001494 -0.021260 -0.005300 0.000749 0.999388 -0.034983 11.063000 0.021299 0.034959 0.999162 -0.000000 0.000000 0.000000 0.000000 1.000000
0.999831 0.014577 -0.011168 -0.005300 -0.014943 0.999330 -0.033396 11.063000 0.010674 0.033558 0.999380 0.000000 0.000000 0.000000 0.000000 1.000000
0.999563 0.029563 0.000020 -0.005300 -0.029546 0.998999 -0.033588 11.063000 -0.001013 0.033573 0.999436 0.000000 0.000000 0.000000 0.000000 1.000000
0.999362 0.032736 0.014270 -0.005300 -0.032241 0.998914 -0.033630 11.063000 -0.015355 0.033149 0.999332 -0.000000 0.000000 0.000000 0.000000 1.000000
0.999109 0.031058 0.028580 -0.005300 -0.030064 0.998949 -0.034590 11.063000 -0.029624 0.033700 0.998993 0.000000 0.000000 0.000000 0.000000 1.000000
0.998778 0.029949 0.039312 -0.005300 -0.028549 0.998955 -0.035694 11.063000 -0.040340 0.034528 0.998589 0.000000 0.000000 0.000000 0.000000 1.000000
0.998699 0.024636 0.044640 -0.005300 -0.023176 0.999189 -0.032935 11.063000 -0.045415 0.031858 0.998460 0.000000 0.000000 0.000000 0.000000 1.000000
0.998933 0.016083 0.043295 -0.005300 -0.014936 0.999533 -0.026674 11.063000 -0.043704 0.025999 0.998706 -0.000000 0.000000 0.000000 0.000000 1.000000
0.999305 0.011507 0.035450 -0.005300 -0.010734 0.999702 -0.021916 11.063000 -0.035692 0.021521 0.999131 0.000000 0.000000 0.000000 0.000000 1.000000
0.999523 0.011686 0.028592 -0.005300 -0.011066 0.999702 -0.021741 11.063000 -0.028838 0.021414 0.999355 0.000000 0.000000 0.000000 0.000000 1.000000
0.999766 0.009797 0.019302 -0.005300 -0.009302 0.999630 -0.025545 11.063000 -0.019545 0.025359 0.999487 -0.000000 0.000000 0.000000 0.000000 1.000000
0.999972 0.006441 0.003910 -0.005300 -0.006324 0.999550 -0.029333 11.063000 -0.004097 0.029307 0.999562 0.000000 0.000000 0.000000 0.000000 1.000000
0.999876 0.003267 -0.015429 -0.005300 -0.003763 0.999474 -0.032221 11.063000 0.015315 0.032275 0.999362 0.000000 0.000000 0.000000 0.000000 1.000000
0.999407 -0.002353 -0.034360 -0.005300 0.001176 0.999413 -0.034238 11.063000 0.034421 0.034177 0.998823 0.000000 0.000000 0.000000 0.000000 1.000000
0.998606 -0.011053 -0.051612 -0.005300 0.009238 0.999335 -0.035276 11.063000 0.051967 0.034750 0.998044 0.000000 0.000000 0.000000 0.000000 1.000000
0.997435 -0.021132 -0.068388 -0.005300 0.018700 0.999176 -0.036014 11.063000 0.069093 0.034643 0.997009 0.000000 0.000000 0.000000 0.000000 1.000000
0.995887 -0.032099 -0.084733 -0.005300 0.029044 0.998891 -0.037050 11.063000 0.085829 0.034437 0.995715 0.000000 0.000000 0.000000 0.000000 1.000000
0.993959 -0.044131 -0.100492 -0.005300 0.040372 0.998418 -0.039133 11.063000 0.102060 0.034840 0.994168 0.000000 0.000000 0.000000 0.000000 1.000000
0.991720 -0.059685 -0.113707 -0.005300 0.055086 0.997548 -0.043175 11.063000 0.116005 0.036554 0.992576 0.000000 0.000000 0.000000 0.000000 1.000000
0.990003 -0.060719 -0.127309 -0.005300 0.055671 0.997529 -0.042848 11.063000 0.129596 0.035332 0.990937 0.000000 0.000000 0.000000 0.000000 1.000000
0.988978 -0.060046 -0.135338 -0.005300 0.054652 0.997569 -0.043229 11.063000 0.137605 0.035356 0.989856 0.000000 0.000000 0.000000 0.000000 1.000000
0.988748 -0.057029 -0.138297 -0.005300 0.051516 0.997741 -0.043122 11.063000 0.140444 0.035512 0.989452 0.000000 0.000000 0.000000 0.000000 1.000000
0.989233 -0.053210 -0.136334 -0.005300 0.047942 0.997982 -0.041641 11.063000 0.138275 0.034657 0.989787 0.000000 0.000000 0.000000 0.000000 1.000000
0.990211 -0.052790 -0.129209 -0.005300 0.048092 0.998073 -0.039216 11.063000 0.131031 0.032618 0.990842 -0.000000 0.000000 0.000000 0.000000 1.000000
0.991038 -0.052377 -0.122884 -0.005300 0.048054 0.998126 -0.037886 11.063000 0.124638 0.031641 0.991698 0.000000 0.000000 0.000000 0.000000 1.000000
0.992261 -0.049803 -0.113742 -0.005300 0.045649 0.998202 -0.038843 11.063000 0.115472 0.033350 0.992751 0.000000 0.000000 0.000000 0.000000 1.000000
0.994142 -0.045402 -0.098080 -0.005300 0.041464 0.998264 -0.041819 11.063000 0.099809 0.037507 0.994299 0.000000 0.000000 0.000000 0.000000 1.000000
0.996242 -0.039403 -0.077136 -0.005300 0.036001 0.998337 -0.045016 11.063000 0.078782 0.042070 0.996004 0.000000 0.000000 0.000000 0.000000 1.000000
0.997857 -0.032024 -0.057060 -0.005300 0.029432 0.998522 -0.045700 11.063000 0.058439 0.043922 0.997324 0.000000 0.000000 0.000000 0.000000 1.000000
0.998697 -0.025113 -0.044417 -0.005300 0.023173 0.998778 -0.043655 11.063000 0.045459 0.042569 0.998059 0.000000 0.000000 0.000000 0.000000 1.000000</float_array><technique_common><accessor source="#Spine2-Matrix-animation-output-transform-array" count="32" stride="16"><param type="float4x4"/></accessor></technique_common></source><source id="Spine2-Interpolations"><Name_array id="Spine2-Interpolations-array" count="32">
 LINEAR LINEAR LINEAR LINEAR LINEAR LINEAR LINEAR LINEAR LINEAR LINEAR LINEAR
LINEAR LINEAR LINEAR LINEAR LINEAR LINEAR LINEAR LINEAR LINEAR LINEAR LINEAR LINEAR
LINEAR LINEAR LINEAR LINEAR LINEAR LINEAR LINEAR LINEAR LINEAR</Name_array><technique_common><accessor source="#Spine2-Interpolations-array" count="32"><param type="name"/></accessor></technique_common></source><sampler id="Spine2-Matrix-animation-transform"><input semantic="INPUT" source="#Spine2-Matrix-animation-input"/><input semantic="OUTPUT" source="#Spine2-Matrix-animation-output-transform"/><input semantic="INTERPOLATION" source="#Spine2-Interpolations"/></sampler><channel source="#Spine2-Matrix-animation-transform" target="Spine2/matrix"/></animation>
    <animation id="Neck-anim" name="Neck"><source id="Neck-Matrix-animation-input"><float_array id="Neck-Matrix-animation-input-array" count="32">

0.000000 0.033333 0.066667 0.100000 0.133333 0.166667 0.200000 0.233333 0.266667 0.300000 0.333333 0.366667 0.400000 0.433333 0.466667 0.500000
0.533333 0.566667 0.600000 0.633333 0.666667 0.700000 0.733333 0.766667 0.800000 0.833333 0.866667 0.900000 0.933333 0.966667 1.000000 1.033333</float_array><technique_common><accessor source="#Neck-Matrix-animation-input-array" count="32"><param name="TIME" type="float"/></accessor></technique_common></source><source id="Neck-Matrix-animation-output-transform"><float_array id="Neck-Matrix-animation-output-transform-array" count="512">

0.999301 0.004142 0.037153 -0.006000 -0.004454 0.999956 0.008316 23.723499 -0.037116 -0.008475 0.999275 -1.446200 0.000000 0.000000 0.000000 1.000000
0.999440 0.006209 0.032876 -0.006000 -0.006467 0.999949 0.007756 23.723499 -0.032826 -0.007964 0.999429 -1.446200 0.000000 0.000000 0.000000 1.000000
0.999621 0.004579 0.027149 -0.006000 -0.004831 0.999946 0.009215 23.723499 -0.027105 -0.009343 0.999589 -1.446200 0.000000 0.000000 0.000000 1.000000
0.999796 -0.004334 0.019705 -0.006000 0.004126 0.999936 0.010556 23.723499 -0.019749 -0.010472 0.999750 -1.446200 0.000000 0.000000 0.000000 1.000000
0.999804 -0.016121 0.011532 -0.006000 0.016000 0.999816 0.010551 23.723499 -0.011700 -0.010364 0.999878 -1.446200 0.000000 0.000000 0.000000 1.000000
0.999785 -0.020238 0.004413 -0.006000 0.020192 0.999745 0.010109 23.723499 -0.004616 -0.010018 0.999939 -1.446200 0.000000 0.000000 0.000000 1.000000
0.999825 -0.018631 -0.001772 -0.006000 0.018653 0.999742 0.012976 23.723499 0.001529 -0.013007 0.999914 -1.446200 0.000000 0.000000 0.000000 1.000000
0.999888 -0.013347 -0.006702 -0.006000 0.013433 0.999826 0.012939 23.723499 0.006528 -0.013028 0.999894 -1.446200 0.000000 0.000000 0.000000 1.000000
0.999966 0.001777 -0.008001 -0.006000 -0.001706 0.999959 0.008865 23.723499 0.008016 -0.008851 0.999929 -1.446200 0.000000 0.000000 0.000000 1.000000
0.999712 0.023370 -0.005533 -0.006000 -0.023349 0.999720 0.003849 23.723499 0.005621 -0.003718 0.999977 -1.446200 0.000000 0.000000 0.000000 1.000000
0.999235 0.039083 -0.001042 -0.006000 -0.039080 0.999231 0.003199 23.723499 0.001166 -0.003156 0.999994 -1.446200 0.000000 0.000000 0.000000 1.000000
0.998818 0.048426 0.004148 -0.006000 -0.048431 0.998826 0.001162 23.723499 -0.004087 -0.001362 0.999991 -1.446200 0.000000 0.000000 0.000000 1.000000
0.998494 0.053631 0.011564 -0.006000 -0.053645 0.998560 0.000944 23.723499 -0.011497 -0.001563 0.999933 -1.446200 0.000000 0.000000 0.000000 1.000000
0.998568 0.049615 0.019991 -0.006000 -0.049618 0.998768 -0.000385 23.723499 -0.019985 -0.000607 0.999800 -1.446200 0.000000 0.000000 0.000000 1.000000
0.998822 0.039290 0.028482 -0.006000 -0.039216 0.999226 -0.003149 23.723499 -0.028584 0.002029 0.999589 -1.446200 0.000000 0.000000 0.000000 1.000000
0.998825 0.031065 0.037194 -0.006000 -0.030889 0.999509 -0.005298 23.723499 -0.037340 0.004142 0.999294 -1.446200 0.000000 0.000000 0.000000 1.000000
0.998570 0.027099 0.046079 -0.006000 -0.026827 0.999619 -0.006498 23.723499 -0.046238 0.005252 0.998917 -1.446200 0.000000 0.000000 0.000000 1.000000
0.998181 0.024580 0.055055 -0.006000 -0.024210 0.999680 -0.007369 23.723499 -0.055219 0.006023 0.998456 -1.446200 0.000000 0.000000 0.000000 1.000000
0.997665 0.023689 0.064051 -0.006000 -0.023234 0.999699 -0.007845 23.723499 -0.064218 0.006339 0.997916 -1.446200 0.000000 0.000000 0.000000 1.000000
0.997001 0.025552 0.073051 -0.006000 -0.025054 0.999656 -0.007718 23.723499 -0.073223 0.005864 0.997298 -1.446200 0.000000 0.000000 0.000000 1.000000
0.995921 0.037866 0.081897 -0.006000 -0.037565 0.999281 -0.005211 23.723499 -0.082036 0.002114 0.996627 -1.446200 0.000000 0.000000 0.000000 1.000000
0.995185 0.042050 0.088540 -0.006000 -0.042049 0.999114 -0.001875 23.723499 -0.088540 -0.001857 0.996071 -1.446200 0.000000 0.000000 0.000000 1.000000
0.994874 0.041098 0.092391 -0.006000 -0.041595 0.999129 0.003467 23.723499 -0.092168 -0.007292 0.995717 -1.446200 0.000000 0.000000 0.000000 1.000000
0.995145 0.031230 0.093332 -0.006000 -0.031953 0.999470 0.006259 23.723499 -0.093087 -0.009211 0.995615 -1.446200 0.000000 0.000000 0.000000 1.000000
0.995666 0.014732 0.091829 -0.006000 -0.015231 0.999873 0.004738 23.723499 -0.091747 -0.006116 0.995764 -1.446200 0.000000 0.000000 0.000000 1.000000
0.996071 -0.000377 0.088562 -0.006000 0.000286 0.999999 0.001046 23.723499 -0.088562 -0.001017 0.996070 -1.446200 0.000000 0.000000 0.000000 1.000000
0.996501 -0.012075 0.082707 -0.006000 0.012167 0.999926 -0.000613 23.723499 -0.082694 0.001617 0.996574 -1.446200 0.000000 0.000000 0.000000 1.000000
0.997095 -0.021478 0.073070 -0.006000 0.021409 0.999769 0.001722 23.723499 -0.073090 -0.000153 0.997325 -1.446200 0.000000 0.000000 0.000000 1.000000
0.997818 -0.023644 0.061645 -0.006000 0.023416 0.999716 0.004408 23.723499 -0.061731 -0.002955 0.998088 -1.446200 0.000000 0.000000 0.000000 1.000000
0.998559 -0.017456 0.050753 -0.006000 0.017213 0.999838 0.005220 23.723499 -0.050835 -0.004339 0.998698 -1.446200 0.000000 0.000000 0.000000 1.000000
0.999084 -0.006695 0.042275 -0.006000 0.006509 0.999969 0.004522 23.723499 -0.042304 -0.004243 0.999096 -1.446200 0.000000 0.000000 0.000000 1.000000
0.999273 0.002003 0.038077 -0.006000 -0.002290 0.999969 0.007479 23.723499 -0.038060 -0.007561 0.999247 -1.446200 0.000000 0.000000 0.000000 1.000000</float_array><technique_common><accessor source="#Neck-Matrix-animation-output-transform-array" count="32" stride="16"><param type="float4x4"/></accessor></technique_common></source><source id="Neck-Interpolations"><Name_array id="Neck-Interpolations-array" count="32">
 LINEAR LINEAR LINEAR LINEAR LINEAR LINEAR LINEAR LINEAR LINEAR LINEAR LINEAR
LINEAR LINEAR LINEAR LINEAR LINEAR LINEAR LINEAR LINEAR LINEAR LINEAR LINEAR LINEAR
LINEAR LINEAR LINEAR LINEAR LINEAR LINEAR LINEAR LINEAR LINEAR</Name_array><technique_common><accessor source="#Neck-Interpolations-array" count="32"><param type="name"/></accessor></technique_common></source><sampler id="Neck-Matrix-animation-transform"><input semantic="INPUT" source="#Neck-Matrix-animation-input"/><input semantic="OUTPUT" source="#Neck-Matrix-animation-output-transform"/><input semantic="INTERPOLATION" source="#Neck-Interpolations"/></sampler><channel source="#Neck-Matrix-animation-transform" target="Neck/matrix"/></animation>
    <animation id="Head-anim" name="Head"><source id="Head-Matrix-animation-input"><float_array id="Head-Matrix-animation-input-array" count="32">

0.000000 0.033333 0.066667 0.100000 0.133333 0.166667 0.200000 0.233333 0.266667 0.300000 0.333333 0.366667 0.400000 0.433333 0.466667 0.500000
0.533333 0.566667 0.600000 0.633333 0.666667 0.700000 0.733333 0.766667 0.800000 0.833333 0.866667 0.900000 0.933333 0.966667 1.000000 1.033333</float_array><technique_common><accessor source="#Head-Matrix-animation-input-array" count="32"><param name="TIME" type="float"/></accessor></technique_common></source><source id="Head-Matrix-animation-output-transform"><float_array id="Head-Matrix-animation-output-transform-array" count="512">

0.996340 0.032647 0.078999 0.000000 -0.037096 0.997768 0.055527 10.037100 -0.077010 -0.058255 0.995327 3.529500 0.000000 0.000000 0.000000 1.000000
0.997778 0.032240 0.058306 -0.000000 -0.035158 0.998143 0.049736 10.037100 -0.056594 -0.051675 0.997059 3.529500 0.000000 0.000000 0.000000 1.000000
0.998643 0.033532 0.039855 0.000000 -0.035486 0.998149 0.049397 10.037100 -0.038124 -0.050744 0.997984 3.529500 0.000000 0.000000 0.000000 1.000000
0.998933 0.037509 0.026948 -0.000000 -0.038972 0.997670 0.055990 10.037100 -0.024785 -0.056980 0.998068 3.529500 0.000000 0.000000 0.000000 1.000000
0.998904 0.041867 0.020934 -0.000000 -0.043196 0.996771 0.067693 10.037100 -0.018032 -0.068523 0.997487 3.529500 0.000000 0.000000 0.000000 1.000000
0.998918 0.042155 0.019660 0.000000 -0.043606 0.995805 0.080440 10.037100 -0.016187 -0.081211 0.996566 3.529500 0.000000 0.000000 0.000000 1.000000
0.999043 0.042020 0.012164 -0.000000 -0.042980 0.994640 0.094046 10.037100 -0.008147 -0.094478 0.995494 3.529500 0.000000 0.000000 0.000000 1.000000
0.999402 0.034383 -0.003596 0.000000 -0.033835 0.994179 0.102291 10.037100 0.007092 -0.102108 0.994748 3.529500 0.000000 0.000000 0.000000 1.000000
0.999646 0.016966 -0.020503 0.000000 -0.014975 0.995492 0.093655 10.037100 0.021999 -0.093315 0.995394 3.529500 0.000000 0.000000 0.000000 1.000000
0.999448 -0.008082 -0.032230 0.000000 0.010367 0.997398 0.071342 10.037100 0.031570 -0.071637 0.996931 3.529500 0.000000 0.000000 0.000000 1.000000
0.998812 -0.032595 -0.036215 0.000000 0.034511 0.997966 0.053605 10.037100 0.034394 -0.054791 0.997905 3.529500 0.000000 0.000000 0.000000 1.000000
0.998744 -0.041074 -0.028701 -0.000000 0.042639 0.997508 0.056220 10.037100 0.026320 -0.057373 0.998006 3.529500 0.000000 0.000000 0.000000 1.000000
0.999609 -0.027812 -0.002833 0.000000 0.027942 0.997167 0.069838 10.037100 0.000883 -0.069890 0.997554 3.529500 0.000000 0.000000 0.000000 1.000000
0.999499 -0.008959 0.030371 0.000000 0.006784 0.997456 0.070968 10.037100 -0.030929 -0.070726 0.997016 3.529500 0.000000 0.000000 0.000000 1.000000
0.997922 0.009636 0.063712 0.000000 -0.013395 0.998178 0.058828 10.037100 -0.063029 -0.059559 0.996233 3.529500 0.000000 0.000000 0.000000 1.000000
0.995421 0.023618 0.092623 0.000000 -0.028122 0.998469 0.047628 10.037100 -0.091357 -0.050015 0.994561 3.529500 0.000000 0.000000 0.000000 1.000000
0.992784 0.030337 0.116013 0.000000 -0.035351 0.998517 0.041406 10.037100 -0.114585 -0.045208 0.992384 3.529500 0.000000 0.000000 0.000000 1.000000
0.989994 0.033776 0.137009 0.000000 -0.039147 0.998559 0.036698 10.037100 -0.135572 -0.041694 0.989890 3.529500 0.000000 0.000000 0.000000 1.000000
0.987080 0.035616 0.156219 0.000000 -0.041465 0.998549 0.034347 10.037100 -0.154769 -0.040381 0.987125 3.529500 0.000000 0.000000 0.000000 1.000000
0.984116 0.036936 0.173639 0.000000 -0.043912 0.998368 0.036505 10.037100 -0.172008 -0.043550 0.984132 3.529500 0.000000 0.000000 0.000000 1.000000
0.982750 0.033039 0.181962 0.000000 -0.043946 0.997450 0.056239 10.037100 -0.179640 -0.063266 0.981696 3.529500 0.000000 0.000000 0.000000 1.000000
0.982002 0.032453 0.186062 0.000000 -0.045295 0.996844 0.065189 10.037100 -0.183359 -0.072444 0.980373 3.529500 0.000000 0.000000 0.000000 1.000000
0.981854 0.032660 0.186802 0.000000 -0.047119 0.996182 0.073496 10.037100 -0.183689 -0.080964 0.979644 3.529500 0.000000 0.000000 0.000000 1.000000
0.980632 0.040937 0.191533 0.000000 -0.057765 0.994864 0.083116 10.037100 -0.187147 -0.092570 0.977960 3.529500 0.000000 0.000000 0.000000 1.000000
0.977027 0.059006 0.204784 0.000000 -0.078375 0.993051 0.087792 10.037100 -0.198181 -0.101825 0.974862 3.529500 0.000000 0.000000 0.000000 1.000000
0.971313 0.080439 0.223786 0.000000 -0.099920 0.992002 0.077118 10.037100 -0.215793 -0.097267 0.971582 3.529500 0.000000 0.000000 0.000000 1.000000
0.970317 0.081699 0.227619 -0.000000 -0.098565 0.993088 0.063727 10.037100 -0.220840 -0.084271 0.971663 3.529500 0.000000 0.000000 0.000000 1.000000
0.975799 0.070591 0.206964 0.000000 -0.085709 0.994198 0.065002 10.037100 -0.201175 -0.081168 0.976187 3.529500 0.000000 0.000000 0.000000 1.000000
0.983593 0.055606 0.171619 0.000000 -0.068835 0.995018 0.072117 10.037100 -0.166754 -0.082747 0.982520 3.529500 0.000000 0.000000 0.000000 1.000000
0.990183 0.042525 0.133152 0.000000 -0.052877 0.995766 0.075196 10.037100 -0.129390 -0.081498 0.988239 3.529500 0.000000 0.000000 0.000000 1.000000
0.994304 0.033351 0.101233 0.000000 -0.040431 0.996817 0.068716 10.037100 -0.098619 -0.072418 0.992487 3.529500 0.000000 0.000000 0.000000 1.000000
0.996002 0.032641 0.083149 -0.000000 -0.037557 0.997595 0.058263 10.037100 -0.081047 -0.061153 0.994832 3.529500 0.000000 0.000000 0.000000 1.000000</float_array><technique_common><accessor source="#Head-Matrix-animation-output-transform-array" count="32" stride="16"><param type="float4x4"/></accessor></technique_common></source><source id="Head-Interpolations"><Name_array id="Head-Interpolations-array" count="32">
 LINEAR LINEAR LINEAR LINEAR LINEAR LINEAR LINEAR LINEAR LINEAR LINEAR LINEAR
LINEAR LINEAR LINEAR LINEAR LINEAR LINEAR LINEAR LINEAR LINEAR LINEAR LINEAR LINEAR
LINEAR LINEAR LINEAR LINEAR LINEAR LINEAR LINEAR LINEAR LINEAR</Name_array><technique_common><accessor source="#Head-Interpolations-array" count="32"><param type="name"/></accessor></technique_common></source><sampler id="Head-Matrix-animation-transform"><input semantic="INPUT" source="#Head-Matrix-animation-input"/><input semantic="OUTPUT" source="#Head-Matrix-animation-output-transform"/><input semantic="INTERPOLATION" source="#Head-Interpolations"/></sampler><channel source="#Head-Matrix-animation-transform" target="Head/matrix"/></animation>
    <animation id="LeftShoulder-anim" name="LeftShoulder"><source id="LeftShoulder-Matrix-animation-input"><float_array id="LeftShoulder-Matrix-animation-input-array" count="32">

0.000000 0.033333 0.066667 0.100000 0.133333 0.166667 0.200000 0.233333 0.266667 0.300000 0.333333 0.366667 0.400000 0.433333 0.466667 0.500000
