<?xml version="1.0" encoding="utf-8"?>
<COLLADA xmlns="http://www.collada.org/2005/11/COLLADASchema" version="1.4.1">
  <asset><contributor><author>Mixamo</author><authoring_tool>COLLADA Mixamo exporter</authoring_tool><comments></comments></contributor><created>2018-06-07T23:57:28Z</created><modified>2018-06-07T23:57:28Z</modified><revision></revision><title></title><unit meter="0.010000"/><up_axis>Y_UP</up_axis></asset>
  <library_animations>
    <animation id="Hips-anim" name="Hips"><source id="Hips-Matrix-animation-input"><float_array id="Hips-Matrix-animation-input-array" count="37">

0.000000 0.033333 0.066667 0.100000 0.133333 0.166667 0.200000 0.233333 0.266667 0.300000 0.333333 0.366667 0.400000 0.433333 0.466667 0.500000
0.533333 0.566667 0.600000 0.633333 0.666667 0.700000 0.733333 0.766667 0.800000 0.833333 0.866667 0.900000 0.933333 0.966667 1.000000 1.033333
1.066667 1.100000 1.133333 1.166667 1.200000</float_array><technique_common><accessor source="#Hips-Matrix-animation-input-array" count="37"><param name="TIME" type="float"/></accessor></technique_common></source><source id="Hips-Matrix-animation-output-transform"><float_array id="Hips-Matrix-animation-output-transform-array" count="592">

0.999457 0.001374 0.032911 0.030142 -0.005530 0.991949 0.126514 111.802055 -0.032472 -0.126628 0.991419 -1.983303 0.000000 0.000000 0.000000 1.000000
0.998337 -0.002934 0.057570 -0.241275 -0.005123 0.990236 0.139307 111.349060 -0.057416 -0.139370 0.988574 -0.802170 0.000000 0.000000 0.000000 1.000000
0.996631 -0.001389 0.081998 -0.461131 -0.011086 0.988396 0.151491 110.557365 -0.081257 -0.151890 0.985052 0.294889 0.000000 0.000000 0.000000 1.000000
0.994575 0.001969 0.104008 -0.615831 -0.019006 0.986432 0.163068 109.652824 -0.102276 -0.164160 0.981117 1.345824 0.000000 0.000000 0.000000 1.000000
0.992428 0.002940 0.122791 -0.689610 -0.024478 0.984394 0.174270 108.867325 -0.120363 -0.175956 0.977012 2.325837 0.000000 0.000000 0.000000 1.000000
0.990194 -0.000898 0.139697 -0.653653 -0.025158 0.982485 0.184635 108.317932 -0.137416 -0.186339 0.972828 3.093472 0.000000 0.000000 0.000000 1.000000
0.987183 -0.009173 0.159328 -0.436358 -0.021512 0.981586 0.189804 107.850517 -0.158135 -0.190799 0.968808 3.232928 0.000000 0.000000 0.000000 1.000000
0.983349 -0.018827 0.180749 0.023532 -0.015440 0.982367 0.186322 107.612938 -0.181069 -0.186011 0.965719 2.444573 0.000000 0.000000 0.000000 1.000000
0.979335 -0.029199 0.200127 0.704176 -0.006593 0.984388 0.175890 107.557243 -0.202138 -0.173575 0.963853 0.803149 0.000000 0.000000 0.000000 1.000000
0.975878 -0.043815 0.213876 1.489350 0.008357 0.986433 0.163951 107.534409 -0.218158 -0.158209 0.963004 -1.346300 0.000000 0.000000 0.000000 1.000000
0.973254 -0.068002 0.219435 2.208120 0.033458 0.986959 0.157457 107.348755 -0.227280 -0.145904 0.962837 -3.486937 0.000000 0.000000 0.000000 1.000000
0.971966 -0.093288 0.215822 2.853898 0.060619 0.986314 0.153327 106.915680 -0.227172 -0.135946 0.964319 -5.319435 0.000000 0.000000 0.000000 1.000000
0.973559 -0.101271 0.204762 3.514278 0.072506 0.987003 0.143412 106.936424 -0.216624 -0.124774 0.968249 -6.875992 0.000000 0.000000 0.000000 1.000000
0.980685 -0.081235 0.177925 4.268687 0.057634 0.989301 0.134020 107.921448 -0.186908 -0.121177 0.974875 -7.903610 0.000000 0.000000 0.000000 1.000000
0.989966 -0.039167 0.135767 5.055945 0.021184 0.991096 0.131450 109.746338 -0.139706 -0.127255 0.981982 -8.201482 0.000000 0.000000 0.000000 1.000000
0.995934 0.003133 0.090034 5.681367 -0.015388 0.990623 0.135756 111.669189 -0.088765 -0.136589 0.986643 -7.711924 0.000000 0.000000 0.000000 1.000000
0.998129 0.025077 0.055762 5.965925 -0.032670 0.989652 0.139720 112.896568 -0.051681 -0.141280 0.988620 -6.729080 0.000000 0.000000 0.000000 1.000000
0.998740 0.041621 0.028021 6.068185 -0.045286 0.988204 0.146297 113.247902 -0.021601 -0.147382 0.988844 -5.576950 0.000000 0.000000 0.000000 1.000000
0.998375 0.056923 0.002680 6.110951 -0.056655 0.986411 0.154221 113.274002 0.006135 -0.154122 0.988033 -4.379693 0.000000 0.000000 0.000000 1.000000
0.997813 0.063744 -0.017507 6.093818 -0.060101 0.985075 0.161291 112.922104 0.027527 -0.159886 0.986752 -3.214668 0.000000 0.000000 0.000000 1.000000
0.997488 0.062720 -0.032915 6.030357 -0.056363 0.984265 0.167468 112.261688 0.042900 -0.165192 0.985328 -2.047302 0.000000 0.000000 0.000000 1.000000
0.997239 0.058085 -0.046267 5.940180 -0.049277 0.983712 0.172863 111.434708 0.055554 -0.170106 0.983859 -0.893313 0.000000 0.000000 0.000000 1.000000
0.996805 0.052790 -0.059945 5.839767 -0.041427 0.983325 0.177073 110.556808 0.068293 -0.174024 0.982370 0.186738 0.000000 0.000000 0.000000 1.000000
0.995816 0.048690 -0.077325 5.739243 -0.034240 0.983386 0.178269 109.671402 0.084720 -0.174876 0.980939 1.028455 0.000000 0.000000 0.000000 1.000000
0.993977 0.046612 -0.099182 5.578868 -0.028953 0.984575 0.172551 108.758148 0.105695 -0.168640 0.979994 1.264363 0.000000 0.000000 0.000000 1.000000
0.991547 0.051387 -0.119138 5.326039 -0.031392 0.985960 0.164005 108.091583 0.125893 -0.158879 0.979239 1.075791 0.000000 0.000000 0.000000 1.000000
0.989196 0.065638 -0.131086 5.032891 -0.045185 0.987143 0.153319 107.716461 0.139464 -0.145740 0.979444 0.424790 0.000000 0.000000 0.000000 1.000000
0.986267 0.090549 -0.138126 4.690985 -0.071342 0.987835 0.138171 107.347992 0.148957 -0.126420 0.980729 -0.893228 0.000000 0.000000 0.000000 1.000000
0.981875 0.122385 -0.144722 4.265740 -0.104981 0.986920 0.122341 106.971817 0.157802 -0.104931 0.981880 -2.620573 0.000000 0.000000 0.000000 1.000000
0.976783 0.152555 -0.150405 3.774050 -0.137167 0.984652 0.107916 106.677673 0.164560 -0.084780 0.982717 -4.435786 0.000000 0.000000 0.000000 1.000000
0.974152 0.169401 -0.149437 3.279834 -0.156504 0.983166 0.094294 106.660782 0.162894 -0.068469 0.984265 -6.030486 0.000000 0.000000 0.000000 1.000000
0.977566 0.161910 -0.134721 2.794899 -0.151311 0.984775 0.085571 107.478020 0.146524 -0.063266 0.987182 -7.156994 0.000000 0.000000 0.000000 1.000000
0.984284 0.139272 -0.108571 2.243372 -0.130440 0.987838 0.084625 108.609291 0.119037 -0.069133 0.990480 -7.252443 0.000000 0.000000 0.000000 1.000000
0.991142 0.108793 -0.076173 1.663456 -0.101899 0.990788 0.089194 109.731613 0.085176 -0.080642 0.993097 -6.483241 0.000000 0.000000 0.000000 1.000000
0.996301 0.075291 -0.041424 1.109656 -0.070965 0.992702 0.097505 110.693825 0.048463 -0.094204 0.994373 -5.193764 0.000000 0.000000 0.000000 1.000000
0.999146 0.040812 -0.006508 0.623133 -0.039857 0.993208 0.109314 111.473434 0.010926 -0.108961 0.993986 -3.762498 0.000000 0.000000 0.000000 1.000000
0.999640 0.009293 0.025185 0.148365 -0.012320 0.992348 0.122857 111.747223 -0.023850 -0.123123 0.992105 -2.339403 0.000000 0.000000 0.000000 1.000000</float_array><technique_common><accessor source="#Hips-Matrix-animation-output-transform-array" count="37" stride="16"><param type="float4x4"/></accessor></technique_common></source><source id="Hips-Interpolations"><Name_array id="Hips-Interpolations-array" count="37">
 LINEAR LINEAR LINEAR LINEAR LINEAR LINEAR LINEAR LINEAR LINEAR LINEAR LINEAR
LINEAR LINEAR LINEAR LINEAR LINEAR LINEAR LINEAR LINEAR LINEAR LINEAR LINEAR LINEAR
LINEAR LINEAR LINEAR LINEAR LINEAR LINEAR LINEAR LINEAR LINEAR LINEAR LINEAR LINEAR
LINEAR LINEAR</Name_array><technique_common><accessor source="#Hips-Interpolations-array" count="37"><param type="name"/></accessor></technique_common></source><sampler id="Hips-Matrix-animation-transform"><input semantic="INPUT" source="#Hips-Matrix-animation-input"/><input semantic="OUTPUT" source="#Hips-Matrix-animation-output-transform"/><input semantic="INTERPOLATION" source="#Hips-Interpolations"/></sampler><channel source="#Hips-Matrix-animation-transform" target="Hips/matrix"/></animation>
    <animation id="Spine-anim" name="Spine"><source id="Spine-Matrix-animation-input"><float_array id="Spine-Matrix-animation-input-array" count="37">

0.000000 0.033333 0.066667 0.100000 0.133333 0.166667 0.200000 0.233333 0.266667 0.300000 0.333333 0.366667 0.400000 0.433333 0.466667 0.500000
0.533333 0.566667 0.600000 0.633333 0.666667 0.700000 0.733333 0.766667 0.800000 0.833333 0.866667 0.900000 0.933333 0.966667 1.000000 1.033333
1.066667 1.100000 1.133333 1.166667 1.200000</float_array><technique_common><accessor source="#Spine-Matrix-animation-input-array" count="37"><param name="TIME" type="float"/></accessor></technique_common></source><source id="Spine-Matrix-animation-output-transform"><float_array id="Spine-Matrix-animation-output-transform-array" count="592">

0.996444 -0.013171 0.083219 0.000000 0.032874 0.970199 -0.240071 13.214800 -0.077577 0.241953 0.967182 0.000000 0.000000 0.000000 0.000000 1.000000
0.997926 -0.021809 0.060561 -0.000000 0.035125 0.972928 -0.228424 13.214800 -0.053940 0.230078 0.971676 -0.000000 0.000000 0.000000 0.000000 1.000000
0.998838 -0.037372 0.030435 0.000000 0.043109 0.975131 -0.217394 13.214800 -0.021554 0.218454 0.975609 0.000000 0.000000 0.000000 0.000000 1.000000
0.998679 -0.051132 -0.005056 0.000000 0.048973 0.977017 -0.207458 13.214800 0.015548 0.206936 0.978231 0.000000 0.000000 0.000000 0.000000 1.000000
0.997363 -0.057380 -0.044441 0.000000 0.047424 0.978766 -0.199421 13.214800 0.054940 0.196787 0.978906 0.000000 0.000000 0.000000 0.000000 1.000000
0.994577 -0.056227 -0.087496 0.000000 0.038250 0.980054 -0.195015 13.214800 0.096716 0.190611 0.976890 0.000000 0.000000 0.000000 0.000000 1.000000
0.990670 -0.049961 -0.126791 0.000000 0.024304 0.980232 -0.196353 13.214800 0.134094 0.191439 0.972301 0.000000 0.000000 0.000000 0.000000 1.000000
0.987024 -0.039452 -0.155653 0.000000 0.007105 0.979129 -0.203117 13.214800 0.160418 0.199376 0.966703 -0.000000 0.000000 0.000000 0.000000 1.000000
0.984193 -0.032025 -0.174177 0.000000 -0.006304 0.976555 -0.215174 13.214800 0.176984 0.212871 0.960917 0.000000 0.000000 0.000000 0.000000 1.000000
0.982215 -0.021253 -0.186553 0.000000 -0.022939 0.972547 -0.231574 13.214800 0.186353 0.231735 0.954762 0.000000 0.000000 0.000000 0.000000 1.000000
0.979853 0.008514 -0.199538 0.000000 -0.059211 0.966558 -0.249520 13.214800 0.190741 0.256308 0.947589 0.000000 0.000000 0.000000 0.000000 1.000000
0.977355 0.039853 -0.207819 0.000000 -0.095661 0.959232 -0.265938 13.214800 0.188749 0.279796 0.941323 0.000000 0.000000 0.000000 0.000000 1.000000
0.975028 0.059115 -0.214068 -0.000000 -0.117509 0.955257 -0.271431 13.214800 0.188444 0.289808 0.938350 0.000000 0.000000 0.000000 0.000000 1.000000
0.979225 0.048590 -0.196868 0.000000 -0.103944 0.953889 -0.281586 13.214800 0.174108 0.296199 0.939123 -0.000000 0.000000 0.000000 0.000000 1.000000
0.988053 0.012929 -0.153569 0.000000 -0.058611 0.953121 -0.296859 13.214800 0.142532 0.302314 0.942492 0.000000 0.000000 0.000000 0.000000 1.000000
0.994260 -0.021934 -0.104718 0.000000 -0.010921 0.952841 -0.303273 13.214800 0.106432 0.302676 0.947132 -0.000000 0.000000 0.000000 0.000000 1.000000
0.996737 -0.030908 -0.074561 0.000000 0.007318 0.954575 -0.297881 13.214800 0.080381 0.296363 0.951687 0.000000 0.000000 0.000000 0.000000 1.000000
0.998517 -0.031924 -0.044107 0.000000 0.017852 0.957252 -0.288703 13.214800 0.051438 0.287487 0.956402 0.000000 0.000000 0.000000 0.000000 1.000000
0.999434 -0.031126 -0.012800 0.000000 0.026342 0.960187 -0.278114 13.214800 0.020947 0.277619 0.960463 -0.000000 0.000000 0.000000 0.000000 1.000000
0.999530 -0.024093 0.018961 0.000000 0.028269 0.963622 -0.265771 13.214800 -0.011868 0.266182 0.963850 -0.000000 0.000000 0.000000 0.000000 1.000000
0.998653 -0.011679 0.050551 -0.000000 0.024083 0.967356 -0.252274 13.214800 -0.045954 0.253151 0.966335 0.000000 0.000000 0.000000 0.000000 1.000000
0.996568 0.002801 0.082737 -0.000000 0.017086 0.970952 -0.238663 13.214800 -0.081002 0.239257 0.967571 0.000000 0.000000 0.000000 0.000000 1.000000
0.993024 0.016877 0.116701 -0.000000 0.009965 0.974152 -0.225672 13.214800 -0.117493 0.225261 0.967188 0.000000 0.000000 0.000000 0.000000 1.000000
0.987225 0.028808 0.156704 -0.000000 0.005411 0.976889 -0.213678 13.214800 -0.159238 0.211797 0.964254 0.000000 0.000000 0.000000 0.000000 1.000000
0.978512 0.037353 0.202779 -0.000000 0.005248 0.978624 -0.205592 13.214800 -0.206124 0.202238 0.957399 0.000000 0.000000 0.000000 0.000000 1.000000
0.970368 0.039191 0.238433 0.000000 0.010482 0.979003 -0.203578 13.214800 -0.241405 0.200045 0.949582 0.000000 0.000000 0.000000 0.000000 1.000000
0.963361 0.025163 0.267025 -0.000000 0.030449 0.978892 -0.202098 13.214800 -0.266474 0.202824 0.942260 0.000000 0.000000 0.000000 0.000000 1.000000
0.957206 -0.005433 0.289356 -0.000000 0.067081 0.976761 -0.203566 13.214800 -0.281526 0.214265 0.935326 -0.000000 0.000000 0.000000 0.000000 1.000000
0.950565 -0.045666 0.307149 -0.000000 0.113520 0.971766 -0.206843 13.214800 -0.289031 0.231485 0.928911 0.000000 0.000000 0.000000 0.000000 1.000000
0.943377 -0.086353 0.320286 -0.000000 0.159354 0.964792 -0.209245 13.214800 -0.290940 0.248436 0.923923 0.000000 0.000000 0.000000 0.000000 1.000000
0.938409 -0.116939 0.325137 0.000000 0.191970 0.958844 -0.209204 13.214800 -0.287291 0.258735 0.922236 0.000000 0.000000 0.000000 0.000000 1.000000
0.942830 -0.119496 0.311114 0.000000 0.194391 0.955444 -0.222123 13.214800 -0.270709 0.269902 0.924050 0.000000 0.000000 0.000000 0.000000 1.000000
0.958571 -0.099351 0.266965 0.000000 0.165517 0.957019 -0.238157 13.214800 -0.231829 0.272477 0.933815 -0.000000 0.000000 0.000000 0.000000 1.000000
0.972957 -0.073908 0.218841 0.000000 0.128176 0.960927 -0.245336 13.214800 -0.192158 0.266752 0.944414 -0.000000 0.000000 0.000000 0.000000 1.000000
0.982560 -0.052228 0.178459 0.000000 0.095659 0.964978 -0.244268 13.214800 -0.159451 0.257079 0.953145 -0.000000 0.000000 0.000000 0.000000 1.000000
0.990104 -0.033159 0.136361 -0.000000 0.065804 0.967938 -0.242418 13.214800 -0.123951 0.248992 0.960541 0.000000 0.000000 0.000000 0.000000 1.000000
0.995437 -0.017149 0.093865 0.000000 0.039408 0.969787 -0.240748 13.214800 -0.086900 0.243348 0.966038 0.000000 0.000000 0.000000 0.000000 1.000000</float_array><technique_common><accessor source="#Spine-Matrix-animation-output-transform-array" count="37" stride="16"><param type="float4x4"/></accessor></technique_common></source><source id="Spine-Interpolations"><Name_array id="Spine-Interpolations-array" count="37">
 LINEAR LINEAR LINEAR LINEAR LINEAR LINEAR LINEAR LINEAR LINEAR LINEAR LINEAR
LINEAR LINEAR LINEAR LINEAR LINEAR LINEAR LINEAR LINEAR LINEAR LINEAR LINEAR LINEAR
LINEAR LINEAR LINEAR LINEAR LINEAR LINEAR LINEAR LINEAR LINEAR LINEAR LINEAR LINEAR
LINEAR LINEAR</Name_array><technique_common><accessor source="#Spine-Interpolations-array" count="37"><param type="name"/></accessor></technique_common></source><sampler id="Spine-Matrix-animation-transform"><input semantic="INPUT" source="#Spine-Matrix-animation-input"/><input semantic="OUTPUT" source="#Spine-Matrix-animation-output-transform"/><input semantic="INTERPOLATION" source="#Spine-Interpolations"/></sampler><channel source="#Spine-Matrix-animation-transform" target="Spine/matrix"/></animation>
    <animation id="Spine1-anim" name="Spine1"><source id="Spine1-Matrix-animation-input"><float_array id="Spine1-Matrix-animation-input-array" count="37">

0.000000 0.033333 0.066667 0.100000 0.133333 0.166667 0.200000 0.233333 0.266667 0.300000 0.333333 0.366667 0.400000 0.433333 0.466667 0.500000
0.533333 0.566667 0.600000 0.633333 0.666667 0.700000 0.733333 0.766667 0.800000 0.833333 0.866667 0.900000 0.933333 0.966667 1.000000 1.033333
1.066667 1.100000 1.133333 1.166667 1.200000</float_array><technique_common><accessor source="#Spine1-Matrix-animation-input-array" count="37"><param name="TIME" type="float"/></accessor></technique_common></source><source id="Spine1-Matrix-animation-output-transform"><float_array id="Spine1-Matrix-animation-output-transform-array" count="592">

0.999582 0.009780 0.027219 -0.007800 -0.005944 0.990468 -0.137615 9.224200 -0.028305 0.137396 0.990112 0.000000 0.000000 0.000000 0.000000 1.000000
0.999724 0.008223 0.022010 -0.007800 -0.005136 0.990589 -0.136777 9.224200 -0.022927 0.136626 0.990357 0.000000 0.000000 0.000000 0.000000 1.000000
0.999872 0.005360 0.015050 -0.007800 -0.003255 0.990625 -0.136568 9.224200 -0.015641 0.136502 0.990516 -0.000000 0.000000 0.000000 0.000000 1.000000
0.999973 0.002167 0.007087 -0.007800 -0.001178 0.990614 -0.136683 9.224200 -0.007317 0.136671 0.990589 0.000000 0.000000 0.000000 0.000000 1.000000
0.999999 -0.000423 -0.001384 -0.007800 0.000229 0.990555 -0.137115 9.224200 0.001428 0.137115 0.990554 0.000000 0.000000 0.000000 0.000000 1.000000
0.999945 -0.001970 -0.010321 -0.007800 0.000525 0.990407 -0.138179 9.224200 0.010495 0.138166 0.990354 0.000000 0.000000 0.000000 0.000000 1.000000
0.999824 -0.002660 -0.018574 -0.007800 0.000047 0.990250 -0.139301 9.224200 0.018763 0.139276 0.990076 0.000000 0.000000 0.000000 0.000000 1.000000
0.999694 -0.001926 -0.024651 -0.007800 -0.001545 0.990149 -0.140008 9.224200 0.024678 0.140003 0.989843 0.000000 0.000000 0.000000 0.000000 1.000000
0.999606 -0.001764 -0.028007 -0.007800 -0.002163 0.990213 -0.139545 9.224200 0.027979 0.139550 0.989820 -0.000000 0.000000 0.000000 0.000000 1.000000
0.999589 -0.003865 -0.028391 -0.007800 -0.000121 0.990286 -0.139046 9.224200 0.028652 0.138993 0.989879 0.000000 0.000000 0.000000 0.000000 1.000000
0.999628 -0.008622 -0.025871 -0.007800 0.004894 0.990017 -0.140861 9.224200 0.026828 0.140682 0.989691 0.000000 0.000000 0.000000 0.000000 1.000000
0.999698 -0.011865 -0.021539 -0.007800 0.008668 0.989705 -0.142856 9.224200 0.023013 0.142626 0.989509 0.000000 0.000000 0.000000 0.000000 1.000000
0.999738 -0.014270 -0.017914 -0.007800 0.011566 0.989665 -0.142929 9.224200 0.019768 0.142684 0.989571 0.000000 0.000000 0.000000 0.000000 1.000000
0.999792 -0.014340 -0.014500 -0.007800 0.012129 0.989724 -0.142476 9.224200 0.016394 0.142270 0.989692 0.000000 0.000000 0.000000 0.000000 1.000000
0.999875 -0.011708 -0.010650 -0.007800 0.010073 0.989768 -0.142331 9.224200 0.012208 0.142206 0.989762 0.000000 0.000000 0.000000 0.000000 1.000000
0.999951 -0.007809 -0.006039 -0.007800 0.006871 0.989813 -0.142206 9.224200 0.007088 0.142158 0.989819 0.000000 0.000000 0.000000 0.000000 1.000000
0.999972 -0.007520 -0.000614 -0.007800 0.007358 0.989921 -0.141432 9.224200 0.001671 0.141423 0.989948 0.000000 0.000000 0.000000 0.000000 1.000000
0.999954 -0.007662 0.005743 -0.007800 0.008392 0.990075 -0.140287 9.224200 -0.004611 0.140329 0.990094 0.000000 0.000000 0.000000 0.000000 1.000000
0.999892 -0.007841 0.012437 -0.007800 0.009495 0.990245 -0.139016 9.224200 -0.011226 0.139119 0.990212 -0.000000 0.000000 0.000000 0.000000 1.000000
0.999788 -0.006660 0.019468 -0.007800 0.009290 0.990354 -0.138250 9.224200 -0.018360 0.138401 0.990206 0.000000 0.000000 0.000000 0.000000 1.000000
0.999637 -0.004169 0.026635 -0.007800 0.007810 0.990385 -0.138117 9.224200 -0.025804 0.138275 0.990058 0.000000 0.000000 0.000000 0.000000 1.000000
0.999423 -0.001100 0.033954 -0.007800 0.005786 0.990384 -0.138228 9.224200 -0.033475 0.138344 0.989818 0.000000 0.000000 0.000000 0.000000 1.000000
0.999134 0.002056 0.041562 -0.007800 0.003711 0.990398 -0.138195 9.224200 -0.041447 0.138230 0.989533 0.000000 0.000000 0.000000 0.000000 1.000000
0.998724 0.004825 0.050268 -0.007800 0.002123 0.990534 -0.137249 9.224200 -0.050454 0.137181 0.989260 0.000000 0.000000 0.000000 0.000000 1.000000
0.998173 0.007269 0.059989 -0.007800 0.000888 0.990868 -0.134835 9.224200 -0.060421 0.134642 0.989050 0.000000 0.000000 0.000000 0.000000 1.000000
0.997687 0.009499 0.067309 -0.007800 -0.000491 0.991170 -0.132596 9.224200 -0.067974 0.132256 0.988882 0.000000 0.000000 0.000000 0.000000 1.000000
0.997277 0.010208 0.073030 -0.007800 -0.000516 0.991315 -0.131510 9.224200 -0.073738 0.131115 0.988621 0.000000 0.000000 0.000000 0.000000 1.000000
0.997059 0.009805 0.076010 -0.007800 0.000331 0.991222 -0.132209 9.224200 -0.076639 0.131845 0.988303 -0.000000 0.000000 0.000000 0.000000 1.000000
0.997088 0.010422 0.075549 -0.007800 -0.000256 0.991071 -0.133336 9.224200 -0.076264 0.132929 0.988187 0.000000 0.000000 0.000000 0.000000 1.000000
0.997311 0.012710 0.072181 -0.007800 -0.002939 0.990991 -0.133895 9.224200 -0.073233 0.133323 0.988363 -0.000000 0.000000 0.000000 0.000000 1.000000
0.997601 0.015450 0.067481 -0.007800 -0.006301 0.990996 -0.133747 9.224200 -0.068940 0.133001 0.988715 0.000000 0.000000 0.000000 0.000000 1.000000
0.997967 0.016870 0.061458 -0.007800 -0.008462 0.990867 -0.134577 9.224200 -0.063167 0.133784 0.988995 0.000000 0.000000 0.000000 0.000000 1.000000
0.998063 0.008362 0.061652 -0.007800 -0.000151 0.991250 -0.131997 9.224200 -0.062216 0.131732 0.989331 0.000000 0.000000 0.000000 0.000000 1.000000
0.998182 0.001800 0.060241 -0.007800 0.006059 0.991493 -0.130018 9.224200 -0.059962 0.130147 0.989680 0.000000 0.000000 0.000000 0.000000 1.000000
0.998585 0.002459 0.053130 -0.007800 0.004523 0.991388 -0.130880 9.224200 -0.052994 0.130935 0.989974 0.000000 0.000000 0.000000 0.000000 1.000000
0.999094 0.006107 0.042120 -0.007800 -0.000423 0.991028 -0.133655 9.224200 -0.042558 0.133516 0.990132 0.000000 0.000000 0.000000 0.000000 1.000000
0.999502 0.009061 0.030228 -0.007800 -0.004842 0.990584 -0.136821 9.224200 -0.031183 0.136607 0.990134 0.000000 0.000000 0.000000 0.000000 1.000000</float_array><technique_common><accessor source="#Spine1-Matrix-animation-output-transform-array" count="37" stride="16"><param type="float4x4"/></accessor></technique_common></source><source id="Spine1-Interpolations"><Name_array id="Spine1-Interpolations-array" count="37">
 LINEAR LINEAR LINEAR LINEAR LINEAR LINEAR LINEAR LINEAR LINEAR LINEAR LINEAR
LINEAR LINEAR LINEAR LINEAR LINEAR LINEAR LINEAR LINEAR LINEAR LINEAR LINEAR LINEAR
LINEAR LINEAR LINEAR LINEAR LINEAR LINEAR LINEAR LINEAR LINEAR LINEAR LINEAR LINEAR
LINEAR LINEAR</Name_array><technique_common><accessor source="#Spine1-Interpolations-array" count="37"><param type="name"/></accessor></technique_common></source><sampler id="Spine1-Matrix-animation-transform"><input semantic="INPUT" source="#Spine1-Matrix-animation-input"/><input semantic="OUTPUT" source="#Spine1-Matrix-animation-output-transform"/><input semantic="INTERPOLATION" source="#Spine1-Interpolations"/></sampler><channel source="#Spine1-Matrix-animation-transform" target="Spine1/matrix"/></animation>
    <animation id="Spine2-anim" name="Spine2"><source id="Spine2-Matrix-animation-input"><float_array id="Spine2-Matrix-animation-input-array" count="37">

0.000000 0.033333 0.066667 0.100000 0.133333 0.166667 0.200000 0.233333 0.266667 0.300000 0.333333 0.366667 0.400000 0.433333 0.466667 0.500000
0.533333 0.566667 0.600000 0.633333 0.666667 0.700000 0.733333 0.766667 0.800000 0.833333 0.866667 0.900000 0.933333 0.966667 1.000000 1.033333
1.066667 1.100000 1.133333 1.166667 1.200000</float_array><technique_common><accessor source="#Spine2-Matrix-animation-input-array" count="37"><param name="TIME" type="float"/></accessor></technique_common></source><source id="Spine2-Matrix-animation-output-transform"><float_array id="Spine2-Matrix-animation-output-transform-array" count="592">

0.999514 0.007353 0.030287 -0.005300 -0.003207 0.990876 -0.134742 11.063000 -0.031001 0.134579 0.990418 -0.000000 0.000000 0.000000 0.000000 1.000000
0.999669 0.005757 0.025058 -0.005300 -0.002351 0.990995 -0.133879 11.063000 -0.025603 0.133775 0.990681 -0.000000 0.000000 0.000000 0.000000 1.000000
0.999832 0.002864 0.018118 -0.005300 -0.000417 0.991032 -0.133626 11.063000 -0.018339 0.133596 0.990866 0.000000 0.000000 0.000000 0.000000 1.000000
0.999948 -0.000338 0.010164 -0.005300 0.001694 0.991022 -0.133691 11.063000 -0.010028 0.133701 0.990971 -0.000000 0.000000 0.000000 0.000000 1.000000
0.999994 -0.002911 0.001674 -0.005300 0.003109 0.990966 -0.134081 11.063000 -0.001268 0.134085 0.990969 0.000000 0.000000 0.000000 0.000000 1.000000
0.999964 -0.004421 -0.007283 -0.005300 0.003396 0.990824 -0.135118 11.063000 0.007813 0.135088 0.990803 -0.000000 0.000000 0.000000 0.000000 1.000000
0.999866 -0.005077 -0.015541 -0.005300 0.002913 0.990671 -0.136246 11.063000 0.016088 0.136182 0.990553 0.000000 0.000000 0.000000 0.000000 1.000000
0.999757 -0.004355 -0.021626 -0.005300 0.001352 0.990573 -0.136977 11.063000 0.022019 0.136914 0.990338 0.000000 0.000000 0.000000 0.000000 1.000000
0.999683 -0.004251 -0.024810 -0.005300 0.000823 0.990627 -0.136590 11.063000 0.025158 0.136526 0.990317 0.000000 0.000000 0.000000 0.000000 1.000000
0.999672 -0.006418 -0.024808 -0.005300 0.002979 0.990670 -0.136247 11.063000 0.025451 0.136129 0.990364 -0.000000 0.000000 0.000000 0.000000 1.000000
0.999700 -0.011186 -0.021810 -0.005300 0.008065 0.990358 -0.138295 11.063000 0.023147 0.138077 0.990151 0.000000 0.000000 0.000000 0.000000 1.000000
0.999754 -0.014364 -0.016902 -0.005300 0.011850 0.990016 -0.140455 11.063000 0.018751 0.140220 0.989943 -0.000000 0.000000 0.000000 0.000000 1.000000
0.999780 -0.016666 -0.012762 -0.005300 0.014708 0.989954 -0.140619 11.063000 0.014977 0.140401 0.989981 -0.000000 0.000000 0.000000 0.000000 1.000000
0.999821 -0.016641 -0.008971 -0.005300 0.015221 0.990019 -0.140111 11.063000 0.011213 0.139949 0.990095 0.000000 0.000000 0.000000 0.000000 1.000000
0.999891 -0.013924 -0.004904 -0.005300 0.013102 0.990096 -0.139777 11.063000 0.006802 0.139697 0.990171 0.000000 0.000000 0.000000 0.000000 1.000000
0.999951 -0.009913 -0.000193 -0.005300 0.009789 0.990183 -0.139433 11.063000 0.001573 0.139424 0.990231 0.000000 0.000000 0.000000 0.000000 1.000000
0.999940 -0.009494 0.005374 -0.005300 0.010147 0.990309 -0.138512 11.063000 -0.004006 0.138558 0.990346 0.000000 0.000000 0.000000 0.000000 1.000000
0.999884 -0.009521 0.011860 -0.005300 0.011059 0.990480 -0.137209 11.063000 -0.010441 0.137324 0.990471 0.000000 0.000000 0.000000 0.000000 1.000000
0.999779 -0.009594 0.018680 -0.005300 0.012043 0.990667 -0.135773 11.063000 -0.017203 0.135968 0.990564 -0.000000 0.000000 0.000000 0.000000 1.000000
0.999633 -0.008337 0.025791 -0.005300 0.011741 0.990800 -0.134827 11.063000 -0.024429 0.135081 0.990533 -0.000000 0.000000 0.000000 0.000000 1.000000
0.999438 -0.005796 0.033002 -0.005300 0.010187 0.990861 -0.134505 11.063000 -0.031920 0.134765 0.990363 0.000000 0.000000 0.000000 0.000000 1.000000
0.999182 -0.002692 0.040346 -0.005300 0.008097 0.990892 -0.134418 11.063000 -0.039617 0.134635 0.990103 0.000000 0.000000 0.000000 0.000000 1.000000
0.998849 0.000493 0.047969 -0.005300 0.005955 0.990939 -0.134183 11.063000 -0.047601 0.134314 0.989795 0.000000 0.000000 0.000000 0.000000 1.000000
0.998387 0.003295 0.056671 -0.005300 0.004279 0.991106 -0.133008 11.063000 -0.056605 0.133036 0.989493 0.000000 0.000000 0.000000 0.000000 1.000000
0.997782 0.005772 0.066317 -0.005300 0.002929 0.991462 -0.130361 11.063000 -0.066503 0.130266 0.989246 0.000000 0.000000 0.000000 0.000000 1.000000
0.997262 0.008041 0.073510 -0.005300 0.001438 0.991772 -0.128005 11.063000 -0.073934 0.127760 0.989046 -0.000000 0.000000 0.000000 0.000000 1.000000
0.996830 0.008798 0.079077 -0.005300 0.001315 0.991909 -0.126942 11.063000 -0.079554 0.126644 0.988753 0.000000 0.000000 0.000000 0.000000 1.000000
0.996603 0.008425 0.081929 -0.005300 0.002121 0.991798 -0.127795 11.063000 -0.082334 0.127535 0.988411 0.000000 0.000000 0.000000 0.000000 1.000000
0.996656 0.009129 0.081198 -0.005300 0.001451 0.991606 -0.129291 11.063000 -0.081697 0.128977 0.988277 0.000000 0.000000 0.000000 0.000000 1.000000
0.996939 0.011551 0.077332 -0.005300 -0.001375 0.991463 -0.130380 11.063000 -0.078177 0.129875 0.988444 -0.000000 0.000000 0.000000 0.000000 1.000000
0.997303 0.014358 0.071973 -0.005300 -0.004838 0.991406 -0.130732 11.063000 -0.073231 0.130032 0.988802 0.000000 0.000000 0.000000 0.000000 1.000000
0.997741 0.015502 0.065368 -0.005300 -0.006760 0.991242 -0.131885 11.063000 -0.066840 0.131145 0.989107 0.000000 0.000000 0.000000 0.000000 1.000000
0.997792 0.008037 0.065927 -0.005300 0.000527 0.991661 -0.128874 11.063000 -0.066413 0.128625 0.989467 -0.000000 0.000000 0.000000 0.000000 1.000000
0.997902 0.002164 0.064713 -0.005300 0.006057 0.991938 -0.126583 11.063000 -0.064465 0.126709 0.989843 -0.000000 0.000000 0.000000 0.000000 1.000000
0.998360 0.002380 0.057197 -0.005300 0.004945 0.991814 -0.127593 11.063000 -0.057032 0.127667 0.990176 0.000000 0.000000 0.000000 0.000000 1.000000
0.998944 0.005016 0.045660 -0.005300 0.000991 0.991435 -0.130596 11.063000 -0.045924 0.130503 0.990384 0.000000 0.000000 0.000000 0.000000 1.000000
0.999419 0.006904 0.033387 -0.005300 -0.002372 0.990991 -0.133910 11.063000 -0.034011 0.133753 0.990431 0.000000 0.000000 0.000000 0.000000 1.000000</float_array><technique_common><accessor source="#Spine2-Matrix-animation-output-transform-array" count="37" stride="16"><param type="float4x4"/></accessor></technique_common></source><source id="Spine2-Interpolations"><Name_array id="Spine2-Interpolations-array" count="37">
 LINEAR LINEAR LINEAR LINEAR LINEAR LINEAR LINEAR LINEAR LINEAR LINEAR LINEAR
LINEAR LINEAR LINEAR LINEAR LINEAR LINEAR LINEAR LINEAR LINEAR LINEAR LINEAR LINEAR
LINEAR LINEAR LINEAR LINEAR LINEAR LINEAR LINEAR LINEAR LINEAR LINEAR LINEAR LINEAR
LINEAR LINEAR</Name_array><technique_common><accessor source="#Spine2-Interpolations-array" count="37"><param type="name"/></accessor></technique_common></source><sampler id="Spine2-Matrix-animation-transform"><input semantic="INPUT" source="#Spine2-Matrix-animation-input"/><input semantic="OUTPUT" source="#Spine2-Matrix-animation-output-transform"/><input semantic="INTERPOLATION" source="#Spine2-Interpolations"/></sampler><channel source="#Spine2-Matrix-animation-transform" target="Spine2/matrix"/></animation>
    <animation id="Neck-anim" name="Neck"><source id="Neck-Matrix-animation-input"><float_array id="Neck-Matrix-animation-input-array" count="37">

0.000000 0.033333 0.066667 0.100000 0.133333 0.166667 0.200000 0.233333 0.266667 0.300000 0.333333 0.366667 0.400000 0.433333 0.466667 0.500000
0.533333 0.566667 0.600000 0.633333 0.666667 0.700000 0.733333 0.766667 0.800000 0.833333 0.866667 0.900000 0.933333 0.966667 1.000000 1.033333
1.066667 1.100000 1.133333 1.166667 1.200000</float_array><technique_common><accessor source="#Neck-Matrix-animation-input-array" count="37"><param name="TIME" type="float"/></accessor></technique_common></source><source id="Neck-Matrix-animation-output-transform"><float_array id="Neck-Matrix-animation-output-transform-array" count="592">

0.999855 -0.005495 -0.016093 -0.006000 0.005761 0.999847 0.016536 23.723499 0.016000 -0.016626 0.999734 -1.446200 0.000000 0.000000 0.000000 1.000000
0.999910 -0.003453 -0.012929 -0.006000 0.003650 0.999878 0.015219 23.723499 0.012875 -0.015265 0.999801 -1.446200 0.000000 0.000000 0.000000 1.000000
0.999960 -0.001489 -0.008774 -0.006000 0.001622 0.999883 0.015189 23.723499 0.008750 -0.015202 0.999846 -1.446200 0.000000 0.000000 0.000000 1.000000
0.999995 0.000415 -0.003210 -0.006000 -0.000368 0.999894 0.014577 23.723499 0.003216 -0.014576 0.999889 -1.446200 0.000000 0.000000 0.000000 1.000000
0.999993 0.001916 0.003232 -0.006000 -0.001957 0.999916 0.012800 23.723499 -0.003207 -0.012806 0.999913 -1.446200 0.000000 0.000000 0.000000 1.000000
0.999953 0.002597 0.009327 -0.006000 -0.002701 0.999935 0.011085 23.723499 -0.009298 -0.011110 0.999895 -1.446200 0.000000 0.000000 0.000000 1.000000
0.999878 0.004709 0.014905 -0.006000 -0.004874 0.999927 0.011035 23.723499 -0.014852 -0.011106 0.999828 -1.446200 0.000000 0.000000 0.000000 1.000000
0.999798 0.007088 0.018826 -0.006000 -0.007341 0.999883 0.013408 23.723499 -0.018729 -0.013543 0.999733 -1.446200 0.000000 0.000000 0.000000 1.000000
0.999728 0.009361 0.021379 -0.006000 -0.009748 0.999789 0.018060 23.723499 -0.021205 -0.018263 0.999608 -1.446200 0.000000 0.000000 0.000000 1.000000
0.999661 0.011847 0.023169 -0.006000 -0.012399 0.999639 0.023852 23.723499 -0.022878 -0.024132 0.999447 -1.446200 0.000000 0.000000 0.000000 1.000000
0.999580 0.015045 0.024781 -0.006000 -0.015758 0.999460 0.028849 23.723499 -0.024333 -0.029227 0.999277 -1.446200 0.000000 0.000000 0.000000 1.000000
0.999538 0.016258 0.025681 -0.006000 -0.017054 0.999371 0.031090 23.723499 -0.025160 -0.031514 0.999187 -1.446200 0.000000 0.000000 0.000000 1.000000
0.999530 0.015169 0.026631 -0.006000 -0.015994 0.999390 0.031058 23.723499 -0.026143 -0.031469 0.999163 -1.446200 0.000000 0.000000 0.000000 1.000000
0.999519 0.014731 0.027282 -0.006000 -0.015572 0.999402 0.030881 23.723499 -0.026811 -0.031291 0.999151 -1.446200 0.000000 0.000000 0.000000 1.000000
0.999514 0.015369 0.027104 -0.006000 -0.016196 0.999401 0.030581 23.723499 -0.026618 -0.031005 0.999165 -1.446200 0.000000 0.000000 0.000000 1.000000
0.999561 0.014801 0.025649 -0.006000 -0.015525 0.999480 0.028266 23.723499 -0.025217 -0.028652 0.999271 -1.446200 0.000000 0.000000 0.000000 1.000000
0.999642 0.013009 0.023371 -0.006000 -0.013600 0.999587 0.025333 23.723499 -0.023032 -0.025641 0.999406 -1.446200 0.000000 0.000000 0.000000 1.000000
0.999757 0.010250 0.019499 -0.006000 -0.010677 0.999702 0.021932 23.723499 -0.019269 -0.022134 0.999569 -1.446200 0.000000 0.000000 0.000000 1.000000
0.999861 0.007145 0.015037 -0.006000 -0.007421 0.999804 0.018358 23.723499 -0.014903 -0.018467 0.999718 -1.446200 0.000000 0.000000 0.000000 1.000000
0.999941 0.005116 0.009538 -0.006000 -0.005260 0.999871 0.015187 23.723499 -0.009459 -0.015237 0.999839 -1.446200 0.000000 0.000000 0.000000 1.000000
0.999987 0.004071 0.003170 -0.006000 -0.004110 0.999915 0.012375 23.723499 -0.003120 -0.012388 0.999918 -1.446200 0.000000 0.000000 0.000000 1.000000
0.999987 0.003449 -0.003654 -0.006000 -0.003414 0.999947 0.009732 23.723499 0.003688 -0.009720 0.999946 -1.446200 0.000000 0.000000 0.000000 1.000000
0.999939 0.002990 -0.010659 -0.006000 -0.002913 0.999970 0.007208 23.723499 0.010681 -0.007177 0.999917 -1.446200 0.000000 0.000000 0.000000 1.000000
0.999836 0.002816 -0.017880 -0.006000 -0.002731 0.999985 0.004780 23.723499 0.017893 -0.004731 0.999829 -1.446200 0.000000 0.000000 0.000000 1.000000
0.999676 0.002691 -0.025299 -0.006000 -0.002598 0.999990 0.003697 23.723499 0.025308 -0.003630 0.999673 -1.446200 0.000000 0.000000 0.000000 1.000000
0.999504 0.000847 -0.031470 -0.006000 -0.000694 0.999988 0.004861 23.723499 0.031474 -0.004836 0.999493 -1.446200 0.000000 0.000000 0.000000 1.000000
0.999342 -0.000607 -0.036254 -0.006000 0.000838 0.999980 0.006343 23.723499 0.036250 -0.006369 0.999322 -1.446200 0.000000 0.000000 0.000000 1.000000
0.999227 -0.002416 -0.039249 -0.006000 0.002790 0.999951 0.009479 23.723499 0.039225 -0.009581 0.999184 -1.446200 0.000000 0.000000 0.000000 1.000000
0.999182 -0.004858 -0.040137 -0.006000 0.005406 0.999893 0.013557 23.723499 0.040067 -0.013763 0.999102 -1.446200 0.000000 0.000000 0.000000 1.000000
0.999212 -0.007002 -0.039062 -0.006000 0.007703 0.999811 0.017825 23.723499 0.038930 -0.018112 0.999078 -1.446200 0.000000 0.000000 0.000000 1.000000
0.999303 -0.007260 -0.036607 -0.006000 0.008063 0.999730 0.021815 23.723499 0.036439 -0.022095 0.999092 -1.446200 0.000000 0.000000 0.000000 1.000000
0.999414 -0.008025 -0.033289 -0.006000 0.008893 0.999623 0.025980 23.723499 0.033068 -0.026261 0.999108 -1.446200 0.000000 0.000000 0.000000 1.000000
0.999469 -0.007427 -0.031715 -0.006000 0.008224 0.999652 0.025060 23.723499 0.031517 -0.025308 0.999183 -1.446200 0.000000 0.000000 0.000000 1.000000
0.999551 -0.008024 -0.028869 -0.006000 0.008657 0.999724 0.021851 23.723499 0.028685 -0.022091 0.999344 -1.446200 0.000000 0.000000 0.000000 1.000000
0.999659 -0.009266 -0.024410 -0.006000 0.009727 0.999776 0.018815 23.723499 0.024230 -0.019046 0.999525 -1.446200 0.000000 0.000000 0.000000 1.000000
0.999750 -0.007758 -0.020951 -0.006000 0.008112 0.999826 0.016825 23.723499 0.020816 -0.016991 0.999639 -1.446200 0.000000 0.000000 0.000000 1.000000
0.999837 -0.005958 -0.017072 -0.006000 0.006241 0.999843 0.016557 23.723499 0.016970 -0.016661 0.999717 -1.446200 0.000000 0.000000 0.000000 1.000000</float_array><technique_common><accessor source="#Neck-Matrix-animation-output-transform-array" count="37" stride="16"><param type="float4x4"/></accessor></technique_common></source><source id="Neck-Interpolations"><Name_array id="Neck-Interpolations-array" count="37">
 LINEAR LINEAR LINEAR LINEAR LINEAR LINEAR LINEAR LINEAR LINEAR LINEAR LINEAR
LINEAR LINEAR LINEAR LINEAR LINEAR LINEAR LINEAR LINEAR LINEAR LINEAR LINEAR LINEAR
LINEAR LINEAR LINEAR LINEAR LINEAR LINEAR LINEAR LINEAR LINEAR LINEAR LINEAR LINEAR
LINEAR LINEAR</Name_array><technique_common><accessor source="#Neck-Interpolations-array" count="37"><param type="name"/></accessor></technique_common></source><sampler id="Neck-Matrix-animation-transform"><input semantic="INPUT" source="#Neck-Matrix-animation-input"/><input semantic="OUTPUT" source="#Neck-Matrix-animation-output-transform"/><input semantic="INTERPOLATION" source="#Neck-Interpolations"/></sampler><channel source="#Neck-Matrix-animation-transform" target="Neck/matrix"/></animation>
    <animation id="Head-anim" name="Head"><source id="Head-Matrix-animation-input"><float_array id="Head-Matrix-animation-input-array" count="37">

0.000000 0.033333 0.066667 0.100000 0.133333 0.166667 0.200000 0.233333 0.266667 0.300000 0.333333 0.366667 0.400000 0.433333 0.466667 0.500000
0.533333 0.566667 0.600000 0.633333 0.666667 0.700000 0.733333 0.766667 0.800000 0.833333 0.866667 0.900000 0.933333 0.966667 1.000000 1.033333
1.066667 1.100000 1.133333 1.166667 1.200000</float_array><technique_common><accessor source="#Head-Matrix-animation-input-array" count="37"><param name="TIME" type="float"/></accessor></technique_common></source><source id="Head-Matrix-animation-output-transform"><float_array id="Head-Matrix-animation-output-transform-array" count="592">

0.987428 0.013063 -0.157529 0.000000 0.024599 0.971738 0.234778 10.037100 0.156144 -0.235701 0.959200 3.529500 0.000000 0.000000 0.000000 1.000000
0.989640 0.017637 -0.142486 0.000000 0.014699 0.974765 0.222748 10.037100 0.142819 -0.222535 0.964407 3.529500 0.000000 0.000000 0.000000 1.000000
0.992142 0.020285 -0.123465 -0.000000 0.006741 0.976671 0.214635 10.037100 0.124939 -0.213780 0.968859 3.529500 0.000000 0.000000 0.000000 1.000000
0.994972 0.019486 -0.098236 0.000000 0.001354 0.978182 0.207744 10.037100 0.100141 -0.206833 0.973238 3.529500 0.000000 0.000000 0.000000 1.000000
0.997597 0.015354 -0.067558 0.000000 -0.001428 0.979484 0.201516 10.037100 0.069266 -0.200935 0.977153 3.529500 0.000000 0.000000 0.000000 1.000000
0.999320 0.009054 -0.035736 0.000000 -0.001751 0.979935 0.199307 10.037100 0.036823 -0.199109 0.979285 3.529500 0.000000 0.000000 0.000000 1.000000
0.999909 0.000370 -0.013493 0.000000 0.002480 0.977566 0.210616 10.037100 0.013268 -0.210630 0.977476 3.529500 0.000000 0.000000 0.000000 1.000000
0.999981 -0.004327 -0.004428 0.000000 0.005251 0.971681 0.236236 10.037100 0.003280 -0.236255 0.971686 3.529500 0.000000 0.000000 0.000000 1.000000
0.999966 -0.005910 -0.005779 0.000000 0.007248 0.963026 0.269310 10.037100 0.003973 -0.269342 0.963036 3.529500 0.000000 0.000000 0.000000 1.000000
0.999878 -0.008071 -0.013379 0.000000 0.011778 0.951988 0.305910 10.037100 0.010268 -0.306030 0.951966 3.529500 0.000000 0.000000 0.000000 1.000000
0.999610 -0.015417 -0.023271 0.000000 0.022504 0.938329 0.345009 10.037100 0.016517 -0.345399 0.938311 3.529500 0.000000 0.000000 0.000000 1.000000
0.999234 -0.023931 -0.030947 0.000000 0.033885 0.924799 0.378944 10.037100 0.019551 -0.379702 0.924902 3.529500 0.000000 0.000000 0.000000 1.000000
0.999109 -0.030963 -0.028680 0.000000 0.039772 0.918138 0.394259 10.037100 0.014125 -0.395048 0.918552 3.529500 0.000000 0.000000 0.000000 1.000000
0.999327 -0.029817 -0.021367 0.000000 0.035873 0.916053 0.399449 10.037100 0.007663 -0.399947 0.916506 3.529500 0.000000 0.000000 0.000000 1.000000
