<?xml version="1.0" encoding="utf-8"?>
<COLLADA xmlns="http://www.collada.org/2005/11/COLLADASchema" version="1.4.1">
  <asset><contributor><author>Mixamo</author><authoring_tool>COLLADA Mixamo exporter</authoring_tool><comments></comments></contributor><created>2018-06-07T23:54:08Z</created><modified>2018-06-07T23:54:08Z</modified><revision></revision><title></title><unit meter="0.010000"/><up_axis>Y_UP</up_axis></asset>
  <library_animations>
    <animation id="Hips-anim" name="Hips"><source id="Hips-Matrix-animation-input"><float_array id="Hips-Matrix-animation-input-array" count="44">

0.000000 0.033333 0.066667 0.100000 0.133333 0.166667 0.200000 0.233333 0.266667 0.300000 0.333333 0.366667 0.400000 0.433333 0.466667 0.500000
0.533333 0.566667 0.600000 0.633333 0.666667 0.700000 0.733333 0.766667 0.800000 0.833333 0.866667 0.900000 0.933333 0.966667 1.000000 1.033333
1.066667 1.100000 1.133333 1.166667 1.200000 1.233333 1.266667 1.300000 1.333333 1.366667 1.400000 1.433333</float_array><technique_common><accessor source="#Hips-Matrix-animation-input-array" count="44"><param name="TIME" type="float"/></accessor></technique_common></source><source id="Hips-Matrix-animation-output-transform"><float_array id="Hips-Matrix-animation-output-transform-array" count="704">

0.783114 -0.062525 0.618727 -1.387130 0.038722 0.997905 0.051832 113.928246 -0.620671 -0.016632 0.783894 -1.631503 0.000000 0.000000 0.000000 1.000000
0.800662 -0.059977 0.596107 -1.436715 0.039580 0.998098 0.047261 114.315140 -0.597808 -0.014246 0.801513 -1.669001 0.000000 0.000000 0.000000 1.000000
0.819628 -0.056161 0.570136 -1.485992 0.040672 0.998377 0.039875 114.643181 -0.571450 -0.009494 0.820582 -1.717409 0.000000 0.000000 0.000000 1.000000
0.838860 -0.051652 0.541891 -1.547716 0.041763 0.998661 0.030540 115.006126 -0.542742 -0.002988 0.839894 -1.754662 0.000000 0.000000 0.000000 1.000000
0.856958 -0.046542 0.513280 -1.562931 0.042005 0.998908 0.020447 115.361580 -0.513671 0.004038 0.857978 -1.762807 0.000000 0.000000 0.000000 1.000000
0.872813 -0.040145 0.486402 -1.395787 0.039984 0.999143 0.010716 115.524658 -0.486415 0.010095 0.873670 -1.748382 0.000000 0.000000 0.000000 1.000000
0.885525 -0.031056 0.463552 -0.855177 0.033502 0.999434 0.002959 115.377121 -0.463382 0.012910 0.886065 -1.832732 0.000000 0.000000 0.000000 1.000000
0.894998 -0.025043 0.445367 0.022445 0.028234 0.999601 -0.000532 115.167221 -0.445176 0.013050 0.895348 -2.059640 0.000000 0.000000 0.000000 1.000000
0.902764 -0.026486 0.429319 1.162495 0.028880 0.999582 0.000939 114.934776 -0.429165 0.011551 0.903152 -2.379345 0.000000 0.000000 0.000000 1.000000
0.910527 -0.037501 0.411746 2.468032 0.038316 0.999246 0.006279 114.691963 -0.411671 0.010059 0.911277 -2.767556 0.000000 0.000000 0.000000 1.000000
0.919299 -0.057167 0.389385 3.839393 0.056612 0.998313 0.012912 114.445480 -0.389466 0.010174 0.920985 -3.232871 0.000000 0.000000 0.000000 1.000000
0.927790 -0.078425 0.364768 5.251016 0.076591 0.996872 0.019516 114.178154 -0.365157 0.009832 0.930894 -3.736370 0.000000 0.000000 0.000000 1.000000
0.932989 -0.096691 0.346672 6.545975 0.093059 0.995290 0.027150 113.964500 -0.347665 0.006930 0.937593 -4.179323 0.000000 0.000000 0.000000 1.000000
0.933797 -0.110626 0.340271 7.551038 0.104505 0.993861 0.036326 113.717285 -0.342201 0.001639 0.939625 -4.565972 0.000000 0.000000 0.000000 1.000000
0.930509 -0.119830 0.346112 8.186062 0.110436 0.992780 0.046815 113.400803 -0.349223 -0.005339 0.937024 -4.895523 0.000000 0.000000 0.000000 1.000000
0.924521 -0.124273 0.360303 8.485331 0.110899 0.992158 0.057645 113.071289 -0.364641 -0.013336 0.931053 -5.146981 0.000000 0.000000 0.000000 1.000000
0.917757 -0.124149 0.377239 8.640178 0.105653 0.991977 0.069422 112.936501 -0.382831 -0.023856 0.923510 -5.290240 0.000000 0.000000 0.000000 1.000000
0.911129 -0.122225 0.393579 8.423188 0.099957 0.992033 0.076676 112.868233 -0.399815 -0.030521 0.916087 -5.333359 0.000000 0.000000 0.000000 1.000000
0.904651 -0.120001 0.408908 8.145615 0.093875 0.992080 0.083459 112.811432 -0.415685 -0.037115 0.908751 -5.366289 0.000000 0.000000 0.000000 1.000000
0.897856 -0.117859 0.424221 7.835627 0.087903 0.992093 0.089583 112.759071 -0.431425 -0.043142 0.901117 -5.390105 0.000000 0.000000 0.000000 1.000000
0.890253 -0.116142 0.440409 7.497962 0.082687 0.992087 0.094483 112.703903 -0.447897 -0.047698 0.892812 -5.400734 0.000000 0.000000 0.000000 1.000000
0.881301 -0.115143 0.458313 7.137363 0.078848 0.992095 0.097628 112.638718 -0.465931 -0.049902 0.883413 -5.394103 0.000000 0.000000 0.000000 1.000000
0.869925 -0.115271 0.479524 6.736597 0.077168 0.992140 0.098502 112.557671 -0.487110 -0.048685 0.871983 -5.356791 0.000000 0.000000 0.000000 1.000000
0.855518 -0.116364 0.504527 6.269620 0.077769 0.992243 0.096980 112.462418 -0.511899 -0.043732 0.857932 -5.278723 0.000000 0.000000 0.000000 1.000000
0.839884 -0.117118 0.529980 5.783196 0.079503 0.992456 0.093327 112.356384 -0.536912 -0.036248 0.842859 -5.187459 0.000000 0.000000 0.000000 1.000000
0.825273 -0.116385 0.552611 5.326995 0.081313 0.992826 0.087665 112.242966 -0.558850 -0.027413 0.828816 -5.111938 0.000000 0.000000 0.000000 1.000000
0.813735 -0.112991 0.570148 4.938156 0.083603 0.993476 0.077563 112.117340 -0.575192 -0.015449 0.817872 -5.066492 0.000000 0.000000 0.000000 1.000000
0.804250 -0.107470 0.584493 4.578938 0.086748 0.994208 0.063440 111.973450 -0.587926 -0.000318 0.808915 -5.038199 0.000000 0.000000 0.000000 1.000000
0.795408 -0.101335 0.597542 4.180111 0.090884 0.994718 0.047712 111.791611 -0.599221 0.016357 0.800417 -5.027427 0.000000 0.000000 0.000000 1.000000
0.787862 -0.092129 0.608921 3.773911 0.092136 0.995252 0.031369 111.610229 -0.608920 0.031389 0.792610 -5.018000 0.000000 0.000000 0.000000 1.000000
0.779200 -0.079735 0.621683 3.414132 0.087049 0.996030 0.018642 111.507805 -0.620701 0.039591 0.783047 -4.977909 0.000000 0.000000 0.000000 1.000000
0.770737 -0.066290 0.633695 3.084889 0.079484 0.996807 0.007602 111.438438 -0.632176 0.044509 0.773545 -4.909410 0.000000 0.000000 0.000000 1.000000
0.764463 -0.051076 0.642641 2.833617 0.065500 0.997852 0.001391 111.428314 -0.641332 0.041030 0.766166 -4.749360 0.000000 0.000000 0.000000 1.000000
0.759630 -0.040691 0.649081 2.747457 0.053441 0.998571 0.000058 111.569633 -0.648156 0.034644 0.760719 -4.472856 0.000000 0.000000 0.000000 1.000000
0.754835 -0.034339 0.655015 2.745167 0.045887 0.998946 -0.000510 111.781342 -0.654308 0.030442 0.755615 -4.158772 0.000000 0.000000 0.000000 1.000000
0.750122 -0.030211 0.660609 2.734827 0.039967 0.999201 0.000313 112.034012 -0.660090 0.026167 0.750730 -3.831776 0.000000 0.000000 0.000000 1.000000
0.745785 -0.032150 0.665410 2.664984 0.038085 0.999259 0.005595 112.416092 -0.665097 0.021170 0.746457 -3.482631 0.000000 0.000000 0.000000 1.000000
0.741724 -0.036272 0.669724 2.354141 0.035630 0.999258 0.014658 112.643822 -0.669759 0.012990 0.742465 -3.141232 0.000000 0.000000 0.000000 1.000000
0.737538 -0.040793 0.674072 1.804566 0.032705 0.999160 0.024682 112.645744 -0.674513 0.003841 0.738253 -2.765641 0.000000 0.000000 0.000000 1.000000
0.734825 -0.045001 0.676762 1.136528 0.030247 0.998978 0.033584 112.583405 -0.677582 -0.004209 0.735436 -2.366568 0.000000 0.000000 0.000000 1.000000
0.736864 -0.048762 0.674281 0.526940 0.029143 0.998759 0.040381 112.754356 -0.675413 -0.010105 0.737370 -2.014933 0.000000 0.000000 0.000000 1.000000
0.744824 -0.053913 0.665080 -0.131522 0.030986 0.998450 0.046236 113.037758 -0.666542 -0.013830 0.745340 -1.739530 0.000000 0.000000 0.000000 1.000000
0.757911 -0.057482 0.649821 -0.629493 0.033625 0.998229 0.049083 113.380814 -0.651491 -0.015351 0.758501 -1.654362 0.000000 0.000000 0.000000 1.000000
0.772467 -0.060374 0.632178 -1.062428 0.036513 0.998046 0.050698 113.742493 -0.634004 -0.016080 0.773163 -1.641298 0.000000 0.000000 0.000000 1.000000</float_array><technique_common><accessor source="#Hips-Matrix-animation-output-transform-array" count="44" stride="16"><param type="float4x4"/></accessor></technique_common></source><source id="Hips-Interpolations"><Name_array id="Hips-Interpolations-array" count="44">
 LINEAR LINEAR LINEAR LINEAR LINEAR LINEAR LINEAR LINEAR LINEAR LINEAR LINEAR
LINEAR LINEAR LINEAR LINEAR LINEAR LINEAR LINEAR LINEAR LINEAR LINEAR LINEAR LINEAR
LINEAR LINEAR LINEAR LINEAR LINEAR LINEAR LINEAR LINEAR LINEAR LINEAR LINEAR LINEAR
LINEAR LINEAR LINEAR LINEAR LINEAR LINEAR LINEAR LINEAR LINEAR</Name_array><technique_common><accessor source="#Hips-Interpolations-array" count="44"><param type="name"/></accessor></technique_common></source><sampler id="Hips-Matrix-animation-transform"><input semantic="INPUT" source="#Hips-Matrix-animation-input"/><input semantic="OUTPUT" source="#Hips-Matrix-animation-output-transform"/><input semantic="INTERPOLATION" source="#Hips-Interpolations"/></sampler><channel source="#Hips-Matrix-animation-transform" target="Hips/matrix"/></animation>
    <animation id="Spine-anim" name="Spine"><source id="Spine-Matrix-animation-input"><float_array id="Spine-Matrix-animation-input-array" count="44">

0.000000 0.033333 0.066667 0.100000 0.133333 0.166667 0.200000 0.233333 0.266667 0.300000 0.333333 0.366667 0.400000 0.433333 0.466667 0.500000
0.533333 0.566667 0.600000 0.633333 0.666667 0.700000 0.733333 0.766667 0.800000 0.833333 0.866667 0.900000 0.933333 0.966667 1.000000 1.033333
1.066667 1.100000 1.133333 1.166667 1.200000 1.233333 1.266667 1.300000 1.333333 1.366667 1.400000 1.433333</float_array><technique_common><accessor source="#Spine-Matrix-animation-input-array" count="44"><param name="TIME" type="float"/></accessor></technique_common></source><source id="Spine-Matrix-animation-output-transform"><float_array id="Spine-Matrix-animation-output-transform-array" count="704">

0.996879 -0.074771 -0.025313 0.000000 0.070543 0.987715 -0.139434 13.214800 0.035427 0.137213 0.989908 -0.000000 0.000000 0.000000 0.000000 1.000000
0.997614 -0.067350 -0.015189 0.000000 0.064555 0.987942 -0.140725 13.214800 0.024484 0.139408 0.989932 0.000000 0.000000 0.000000 0.000000 1.000000
0.998260 -0.058713 -0.005407 0.000000 0.057345 0.988122 -0.142573 13.214800 0.013714 0.142015 0.989770 -0.000000 0.000000 0.000000 0.000000 1.000000
0.998769 -0.049519 0.002855 0.000000 0.049414 0.988373 -0.143796 13.214800 0.004299 0.143760 0.989603 0.000000 0.000000 0.000000 0.000000 1.000000
0.999110 -0.041410 0.008005 0.000000 0.042129 0.988836 -0.142930 13.214800 -0.001997 0.143140 0.989700 0.000000 0.000000 0.000000 0.000000 1.000000
0.999294 -0.036619 0.008353 0.000000 0.037425 0.989599 -0.138902 13.214800 -0.003179 0.139117 0.990271 0.000000 0.000000 0.000000 0.000000 1.000000
0.999275 -0.037936 0.003103 0.000000 0.038011 0.990342 -0.133336 13.214800 0.001986 0.133357 0.991066 0.000000 0.000000 0.000000 0.000000 1.000000
0.999260 -0.038065 -0.005603 0.000000 0.037008 0.990743 -0.130607 13.214800 0.010523 0.130303 0.991418 0.000000 0.000000 0.000000 0.000000 1.000000
0.999425 -0.030626 -0.014548 0.000000 0.028432 0.990769 -0.132549 13.214800 0.018474 0.132059 0.991070 0.000000 0.000000 0.000000 0.000000 1.000000
0.999700 -0.012579 -0.021009 0.000000 0.009549 0.990311 -0.138541 13.214800 0.022549 0.138299 0.990134 0.000000 0.000000 0.000000 0.000000 1.000000
0.999616 0.014717 -0.023465 0.000000 -0.017994 0.989094 -0.146182 13.214800 0.021058 0.146548 0.988979 -0.000000 0.000000 0.000000 0.000000 1.000000
0.998864 0.041618 -0.023204 0.000000 -0.044690 0.987189 -0.153170 13.214800 0.016532 0.154033 0.987927 0.000000 0.000000 0.000000 0.000000 1.000000
0.997722 0.062602 -0.025128 0.000000 -0.065818 0.985032 -0.159309 13.214800 0.014779 0.160600 0.986909 0.000000 0.000000 0.000000 0.000000 1.000000
0.996549 0.076779 -0.031549 0.000000 -0.080953 0.982997 -0.164811 13.214800 0.018358 0.166796 0.985820 0.000000 0.000000 0.000000 0.000000 1.000000
0.995528 0.084393 -0.042436 0.000000 -0.090430 0.981299 -0.169927 13.214800 0.027301 0.173005 0.984543 0.000000 0.000000 0.000000 0.000000 1.000000
0.994730 0.086071 -0.055720 -0.000000 -0.094596 0.980029 -0.174911 13.214800 0.039552 0.179260 0.983006 0.000000 0.000000 0.000000 0.000000 1.000000
0.994247 0.081679 -0.069290 -0.000000 -0.093009 0.979201 -0.180316 13.214800 0.053121 0.185723 0.981165 0.000000 0.000000 0.000000 0.000000 1.000000
0.993743 0.075118 -0.082651 -0.000000 -0.089238 0.979027 -0.183145 13.214800 0.067160 0.189375 0.979605 -0.000000 0.000000 0.000000 0.000000 1.000000
0.993034 0.068247 -0.096047 0.000000 -0.085268 0.978828 -0.186078 13.214800 0.081314 0.192972 0.977829 -0.000000 0.000000 0.000000 0.000000 1.000000
0.992121 0.061134 -0.109351 0.000000 -0.081116 0.978656 -0.188817 13.214800 0.095474 0.196199 0.975905 -0.000000 0.000000 0.000000 0.000000 1.000000
0.991014 0.053890 -0.122420 0.000000 -0.076786 0.978621 -0.190802 13.214800 0.109520 0.198487 0.973965 0.000000 0.000000 0.000000 0.000000 1.000000
0.989729 0.046656 -0.135126 0.000000 -0.072283 0.978833 -0.191470 13.214800 0.123333 0.199271 0.972152 0.000000 0.000000 0.000000 0.000000 1.000000
0.988194 0.039539 -0.148017 0.000000 -0.067661 0.979433 -0.190088 13.214800 0.137456 0.197858 0.970545 0.000000 0.000000 0.000000 0.000000 1.000000
0.986332 0.032559 -0.161519 0.000000 -0.062883 0.980467 -0.186360 13.214800 0.152296 0.193970 0.969114 0.000000 0.000000 0.000000 0.000000 1.000000
0.984491 0.025827 -0.173523 0.000000 -0.057660 0.981789 -0.181011 13.214800 0.165688 0.188209 0.968052 0.000000 0.000000 0.000000 0.000000 1.000000
0.983141 0.019370 -0.181821 0.000000 -0.051693 0.983252 -0.174764 13.214800 0.175391 0.181216 0.967677 -0.000000 0.000000 0.000000 0.000000 1.000000
0.983198 0.013089 -0.182074 0.000000 -0.043894 0.985113 -0.166210 13.214800 0.177188 0.171409 0.969135 0.000000 0.000000 0.000000 0.000000 1.000000
0.984259 0.007058 -0.176589 0.000000 -0.034945 0.987246 -0.155318 13.214800 0.173240 0.159044 0.971953 0.000000 0.000000 0.000000 0.000000 1.000000
0.985202 0.002761 -0.171373 0.000000 -0.027792 0.989211 -0.143836 13.214800 0.169127 0.146470 0.974650 -0.000000 0.000000 0.000000 0.000000 1.000000
0.986135 -0.003152 -0.165917 0.000000 -0.019451 0.990732 -0.134433 13.214800 0.164803 0.135797 0.976934 0.000000 0.000000 0.000000 0.000000 1.000000
0.986612 -0.014875 -0.162407 0.000000 -0.006438 0.991503 -0.129924 13.214800 0.162960 0.129230 0.978133 0.000000 0.000000 0.000000 0.000000 1.000000
0.986771 -0.028708 -0.159560 0.000000 0.008274 0.991832 -0.127282 13.214800 0.161911 0.124277 0.978948 0.000000 0.000000 0.000000 0.000000 1.000000
0.986295 -0.047470 -0.158018 0.000000 0.027025 0.991263 -0.129103 13.214800 0.162766 0.123064 0.978960 -0.000000 0.000000 0.000000 0.000000 1.000000
0.985668 -0.064220 -0.155994 -0.000000 0.043858 0.990460 -0.130635 13.214800 0.162896 0.121921 0.979081 0.000000 0.000000 0.000000 0.000000 1.000000
0.985111 -0.077233 -0.153594 0.000000 0.057420 0.989916 -0.129495 13.214800 0.162046 0.118747 0.979612 0.000000 0.000000 0.000000 0.000000 1.000000
0.984900 -0.088510 -0.148787 -0.000000 0.069548 0.989313 -0.128148 13.214800 0.158540 0.115865 0.980531 0.000000 0.000000 0.000000 0.000000 1.000000
0.986257 -0.095047 -0.135138 0.000000 0.077916 0.988857 -0.126853 13.214800 0.145689 0.114580 0.982673 -0.000000 0.000000 0.000000 0.000000 1.000000
0.988185 -0.100010 -0.116143 0.000000 0.084857 0.988034 -0.128798 13.214800 0.127634 0.117421 0.984846 0.000000 0.000000 0.000000 0.000000 1.000000
0.990010 -0.102713 -0.096597 0.000000 0.089531 0.987186 -0.132091 13.214800 0.108927 0.122123 0.986520 0.000000 0.000000 0.000000 0.000000 1.000000
0.991534 -0.102577 -0.079610 0.000000 0.091246 0.986657 -0.134843 13.214800 0.092379 0.126437 0.987664 0.000000 0.000000 0.000000 0.000000 1.000000
0.992790 -0.099875 -0.066278 0.000000 0.090167 0.986587 -0.136073 13.214800 0.078980 0.129116 0.988479 0.000000 0.000000 0.000000 0.000000 1.000000
0.994020 -0.094532 -0.054656 0.000000 0.086320 0.986817 -0.136895 13.214800 0.066876 0.131358 0.989077 0.000000 0.000000 0.000000 0.000000 1.000000
0.995184 -0.087687 -0.043827 0.000000 0.080915 0.987161 -0.137716 13.214800 0.055340 0.133507 0.989502 0.000000 0.000000 0.000000 0.000000 1.000000
0.996214 -0.080324 -0.033242 0.000000 0.074995 0.987498 -0.138649 13.214800 0.043964 0.135631 0.989784 0.000000 0.000000 0.000000 0.000000 1.000000</float_array><technique_common><accessor source="#Spine-Matrix-animation-output-transform-array" count="44" stride="16"><param type="float4x4"/></accessor></technique_common></source><source id="Spine-Interpolations"><Name_array id="Spine-Interpolations-array" count="44">
 LINEAR LINEAR LINEAR LINEAR LINEAR LINEAR LINEAR LINEAR LINEAR LINEAR LINEAR
LINEAR LINEAR LINEAR LINEAR LINEAR LINEAR LINEAR LINEAR LINEAR LINEAR LINEAR LINEAR
LINEAR LINEAR LINEAR LINEAR LINEAR LINEAR LINEAR LINEAR LINEAR LINEAR LINEAR LINEAR
LINEAR LINEAR LINEAR LINEAR LINEAR LINEAR LINEAR LINEAR LINEAR</Name_array><technique_common><accessor source="#Spine-Interpolations-array" count="44"><param type="name"/></accessor></technique_common></source><sampler id="Spine-Matrix-animation-transform"><input semantic="INPUT" source="#Spine-Matrix-animation-input"/><input semantic="OUTPUT" source="#Spine-Matrix-animation-output-transform"/><input semantic="INTERPOLATION" source="#Spine-Interpolations"/></sampler><channel source="#Spine-Matrix-animation-transform" target="Spine/matrix"/></animation>
    <animation id="Spine1-anim" name="Spine1"><source id="Spine1-Matrix-animation-input"><float_array id="Spine1-Matrix-animation-input-array" count="44">

0.000000 0.033333 0.066667 0.100000 0.133333 0.166667 0.200000 0.233333 0.266667 0.300000 0.333333 0.366667 0.400000 0.433333 0.466667 0.500000
0.533333 0.566667 0.600000 0.633333 0.666667 0.700000 0.733333 0.766667 0.800000 0.833333 0.866667 0.900000 0.933333 0.966667 1.000000 1.033333
1.066667 1.100000 1.133333 1.166667 1.200000 1.233333 1.266667 1.300000 1.333333 1.366667 1.400000 1.433333</float_array><technique_common><accessor source="#Spine1-Matrix-animation-input-array" count="44"><param name="TIME" type="float"/></accessor></technique_common></source><source id="Spine1-Matrix-animation-output-transform"><float_array id="Spine1-Matrix-animation-output-transform-array" count="704">

0.999957 -0.000584 -0.009238 -0.007800 0.000172 0.999009 -0.044515 9.224200 0.009254 0.044512 0.998966 0.000000 0.000000 0.000000 0.000000 1.000000
0.999977 0.001508 -0.006576 -0.007800 -0.001796 0.999030 -0.043995 9.224200 0.006503 0.044006 0.999010 0.000000 0.000000 0.000000 0.000000 1.000000
0.999987 0.003328 -0.003935 -0.007800 -0.003494 0.999060 -0.043197 9.224200 0.003787 0.043210 0.999059 0.000000 0.000000 0.000000 0.000000 1.000000
0.999987 0.004866 -0.001579 -0.007800 -0.004929 0.999100 -0.042120 9.224200 0.001373 0.042127 0.999111 0.000000 0.000000 0.000000 0.000000 1.000000
0.999981 0.006093 0.000061 -0.007800 -0.006086 0.999149 -0.040805 9.224200 -0.000309 0.040804 0.999167 0.000000 0.000000 0.000000 0.000000 1.000000
0.999976 0.006864 0.000479 -0.007800 -0.006840 0.999202 -0.039352 9.224200 -0.000749 0.039347 0.999225 -0.000000 0.000000 0.000000 0.000000 1.000000
0.999978 0.006649 -0.000650 -0.007800 -0.006669 0.999247 -0.038222 9.224200 0.000395 0.038225 0.999269 0.000000 0.000000 0.000000 0.000000 1.000000
0.999984 0.005011 -0.002528 -0.007800 -0.005104 0.999262 -0.038058 9.224200 0.002335 0.038071 0.999272 0.000000 0.000000 0.000000 0.000000 1.000000
0.999989 0.002260 -0.004198 -0.007800 -0.002423 0.999233 -0.039096 9.224200 0.004106 0.039106 0.999227 0.000000 0.000000 0.000000 0.000000 1.000000
0.999987 -0.000742 -0.004963 -0.007800 0.000537 0.999154 -0.041113 9.224200 0.004989 0.041110 0.999142 0.000000 0.000000 0.000000 0.000000 1.000000
0.999985 -0.002846 -0.004594 -0.007800 0.002643 0.999050 -0.043507 9.224200 0.004714 0.043494 0.999043 0.000000 0.000000 0.000000 0.000000 1.000000
0.999986 -0.003736 -0.003792 -0.007800 0.003559 0.998950 -0.045683 9.224200 0.003959 0.045669 0.998949 -0.000000 0.000000 0.000000 0.000000 1.000000
0.999982 -0.004708 -0.003772 -0.007800 0.004523 0.998848 -0.047776 9.224200 0.003992 0.047758 0.998851 0.000000 0.000000 0.000000 0.000000 1.000000
0.999967 -0.006454 -0.005031 -0.007800 0.006193 0.998718 -0.050233 9.224200 0.005348 0.050200 0.998725 0.000000 0.000000 0.000000 0.000000 1.000000
0.999933 -0.008835 -0.007531 -0.007800 0.008421 0.998543 -0.053300 9.224200 0.007991 0.053233 0.998550 0.000000 0.000000 0.000000 0.000000 1.000000
0.999882 -0.010943 -0.010812 -0.007800 0.010311 0.998327 -0.056886 9.224200 0.011417 0.056768 0.998322 -0.000000 0.000000 0.000000 0.000000 1.000000
0.999825 -0.011855 -0.014479 -0.007800 0.010958 0.998104 -0.060569 9.224200 0.015169 0.060400 0.998059 0.000000 0.000000 0.000000 0.000000 1.000000
0.999774 -0.011073 -0.018148 -0.007800 0.009919 0.997996 -0.062488 9.224200 0.018803 0.062293 0.997881 0.000000 0.000000 0.000000 0.000000 1.000000
0.999713 -0.009915 -0.021831 -0.007800 0.008496 0.997903 -0.064169 9.224200 0.022422 0.063965 0.997700 0.000000 0.000000 0.000000 0.000000 1.000000
0.999637 -0.008638 -0.025514 -0.007800 0.006946 0.997817 -0.065668 9.224200 0.026025 0.065467 0.997515 0.000000 0.000000 0.000000 0.000000 1.000000
0.999547 -0.007411 -0.029164 -0.007800 0.005445 0.997745 -0.066898 9.224200 0.029594 0.066709 0.997333 0.000000 0.000000 0.000000 0.000000 1.000000
0.999443 -0.006400 -0.032752 -0.007800 0.004168 0.997692 -0.067777 9.224200 0.033110 0.067602 0.997163 -0.000000 0.000000 0.000000 0.000000 1.000000
0.999321 -0.005753 -0.036400 -0.007800 0.003259 0.997666 -0.068212 9.224200 0.036707 0.068047 0.997007 0.000000 0.000000 0.000000 0.000000 1.000000
0.999177 -0.005423 -0.040199 -0.007800 0.002675 0.997674 -0.068121 9.224200 0.040475 0.067957 0.996867 0.000000 0.000000 0.000000 0.000000 1.000000
0.999034 -0.005255 -0.043633 -0.007800 0.002301 0.997719 -0.067464 9.224200 0.043888 0.067298 0.996767 0.000000 0.000000 0.000000 0.000000 1.000000
0.998921 -0.005091 -0.046161 -0.007800 0.002026 0.997804 -0.066203 9.224200 0.046397 0.066038 0.996738 0.000000 0.000000 0.000000 0.000000 1.000000
0.998895 -0.004897 -0.046751 -0.007800 0.001914 0.997972 -0.063632 9.224200 0.046968 0.063472 0.996878 0.000000 0.000000 0.000000 0.000000 1.000000
0.998934 -0.004839 -0.045901 -0.007800 0.002081 0.998199 -0.059949 9.224200 0.046108 0.059790 0.997146 0.000000 0.000000 0.000000 0.000000 1.000000
0.998978 -0.005068 -0.044906 -0.007800 0.002548 0.998428 -0.055992 9.224200 0.045119 0.055821 0.997421 -0.000000 0.000000 0.000000 0.000000 1.000000
0.999025 -0.006368 -0.043683 -0.007800 0.004079 0.998623 -0.052301 9.224200 0.043956 0.052072 0.997675 0.000000 0.000000 0.000000 0.000000 1.000000
0.999037 -0.008549 -0.043040 -0.007800 0.006398 0.998735 -0.049865 9.224200 0.043412 0.049541 0.997828 0.000000 0.000000 0.000000 0.000000 1.000000
0.999032 -0.011143 -0.042566 -0.007800 0.009090 0.998800 -0.048130 9.224200 0.043051 0.047697 0.997934 -0.000000 0.000000 0.000000 0.000000 1.000000
0.998989 -0.014795 -0.042454 -0.007800 0.012727 0.998738 -0.048586 9.224200 0.043119 0.047996 0.997916 0.000000 0.000000 0.000000 0.000000 1.000000
0.998944 -0.018228 -0.042164 -0.007800 0.016129 0.998639 -0.049601 9.224200 0.043010 0.048868 0.997879 -0.000000 0.000000 0.000000 0.000000 1.000000
0.998908 -0.021101 -0.041685 -0.007800 0.019006 0.998567 -0.050030 9.224200 0.042681 0.049183 0.997877 -0.000000 0.000000 0.000000 0.000000 1.000000
0.998905 -0.023237 -0.040600 -0.007800 0.021200 0.998529 -0.049907 9.224200 0.041700 0.048991 0.997928 -0.000000 0.000000 0.000000 0.000000 1.000000
0.999037 -0.022959 -0.037390 -0.007800 0.021159 0.998630 -0.047853 9.224200 0.038437 0.047016 0.998154 0.000000 0.000000 0.000000 0.000000 1.000000
0.999242 -0.020975 -0.032808 -0.007800 0.019466 0.998767 -0.045659 9.224200 0.033725 0.044986 0.998418 0.000000 0.000000 0.000000 0.000000 1.000000
0.999447 -0.017962 -0.027991 -0.007800 0.016718 0.998888 -0.044073 9.224200 0.028751 0.043581 0.998636 0.000000 0.000000 0.000000 0.000000 1.000000
0.999614 -0.014479 -0.023693 -0.007800 0.013442 0.998970 -0.043346 9.224200 0.024296 0.043010 0.998779 0.000000 0.000000 0.000000 0.000000 1.000000
0.999735 -0.011048 -0.020208 -0.007800 0.010163 0.999006 -0.043406 9.224200 0.020667 0.043189 0.998853 -0.000000 0.000000 0.000000 0.000000 1.000000
0.999823 -0.007885 -0.017081 -0.007800 0.007129 0.999011 -0.043885 9.224200 0.017410 0.043756 0.998891 -0.000000 0.000000 0.000000 0.000000 1.000000
0.999886 -0.005133 -0.014182 -0.007800 0.004502 0.999014 -0.044167 9.224200 0.014395 0.044098 0.998923 0.000000 0.000000 0.000000 0.000000 1.000000
0.999932 -0.002534 -0.011356 -0.007800 0.002028 0.999014 -0.044361 9.224200 0.011457 0.044335 0.998951 -0.000000 0.000000 0.000000 0.000000 1.000000</float_array><technique_common><accessor source="#Spine1-Matrix-animation-output-transform-array" count="44" stride="16"><param type="float4x4"/></accessor></technique_common></source><source id="Spine1-Interpolations"><Name_array id="Spine1-Interpolations-array" count="44">
 LINEAR LINEAR LINEAR LINEAR LINEAR LINEAR LINEAR LINEAR LINEAR LINEAR LINEAR
LINEAR LINEAR LINEAR LINEAR LINEAR LINEAR LINEAR LINEAR LINEAR LINEAR LINEAR LINEAR
LINEAR LINEAR LINEAR LINEAR LINEAR LINEAR LINEAR LINEAR LINEAR LINEAR LINEAR LINEAR
LINEAR LINEAR LINEAR LINEAR LINEAR LINEAR LINEAR LINEAR LINEAR</Name_array><technique_common><accessor source="#Spine1-Interpolations-array" count="44"><param type="name"/></accessor></technique_common></source><sampler id="Spine1-Matrix-animation-transform"><input semantic="INPUT" source="#Spine1-Matrix-animation-input"/><input semantic="OUTPUT" source="#Spine1-Matrix-animation-output-transform"/><input semantic="INTERPOLATION" source="#Spine1-Interpolations"/></sampler><channel source="#Spine1-Matrix-animation-transform" target="Spine1/matrix"/></animation>
    <animation id="Spine2-anim" name="Spine2"><source id="Spine2-Matrix-animation-input"><float_array id="Spine2-Matrix-animation-input-array" count="44">

0.000000 0.033333 0.066667 0.100000 0.133333 0.166667 0.200000 0.233333 0.266667 0.300000 0.333333 0.366667 0.400000 0.433333 0.466667 0.500000
0.533333 0.566667 0.600000 0.633333 0.666667 0.700000 0.733333 0.766667 0.800000 0.833333 0.866667 0.900000 0.933333 0.966667 1.000000 1.033333
1.066667 1.100000 1.133333 1.166667 1.200000 1.233333 1.266667 1.300000 1.333333 1.366667 1.400000 1.433333</float_array><technique_common><accessor source="#Spine2-Matrix-animation-input-array" count="44"><param name="TIME" type="float"/></accessor></technique_common></source><source id="Spine2-Matrix-animation-output-transform"><float_array id="Spine2-Matrix-animation-output-transform-array" count="704">

0.999956 -0.000642 -0.009393 -0.005300 0.000224 0.999012 -0.044451 11.063000 0.009412 0.044447 0.998967 -0.000000 0.000000 0.000000 0.000000 1.000000
0.999976 0.001465 -0.006721 -0.005300 -0.001759 0.999032 -0.043952 11.063000 0.006650 0.043962 0.999011 0.000000 0.000000 0.000000 0.000000 1.000000
0.999986 0.003299 -0.004070 -0.005300 -0.003472 0.999062 -0.043175 11.063000 0.003923 0.043188 0.999059 0.000000 0.000000 0.000000 0.000000 1.000000
0.999987 0.004851 -0.001706 -0.005300 -0.004919 0.999101 -0.042117 11.063000 0.001500 0.042124 0.999111 0.000000 0.000000 0.000000 0.000000 1.000000
0.999981 0.006087 -0.000064 -0.005300 -0.006085 0.999148 -0.040815 11.063000 -0.000185 0.040815 0.999167 0.000000 0.000000 0.000000 0.000000 1.000000
0.999976 0.006859 0.000347 -0.005300 -0.006840 0.999202 -0.039364 11.063000 -0.000617 0.039361 0.999225 0.000000 0.000000 0.000000 0.000000 1.000000
0.999978 0.006633 -0.000795 -0.005300 -0.006659 0.999247 -0.038222 11.063000 0.000541 0.038227 0.999269 0.000000 0.000000 0.000000 0.000000 1.000000
0.999984 0.004981 -0.002669 -0.005300 -0.005079 0.999263 -0.038046 11.063000 0.002478 0.038059 0.999272 -0.000000 0.000000 0.000000 0.000000 1.000000
0.999988 0.002222 -0.004302 -0.005300 -0.002389 0.999233 -0.039081 11.063000 0.004212 0.039090 0.999227 -0.000000 0.000000 0.000000 0.000000 1.000000
0.999987 -0.000778 -0.004995 -0.005300 0.000572 0.999154 -0.041110 11.063000 0.005023 0.041106 0.999142 0.000000 0.000000 0.000000 0.000000 1.000000
0.999986 -0.002868 -0.004536 -0.005300 0.002668 0.999049 -0.043524 11.063000 0.004657 0.043511 0.999042 -0.000000 0.000000 0.000000 0.000000 1.000000
0.999986 -0.003742 -0.003653 -0.005300 0.003571 0.998948 -0.045716 11.063000 0.003820 0.045702 0.998948 0.000000 0.000000 0.000000 0.000000 1.000000
0.999983 -0.004706 -0.003562 -0.005300 0.004530 0.998846 -0.047824 11.063000 0.003783 0.047807 0.998849 -0.000000 0.000000 0.000000 0.000000 1.000000
0.999968 -0.006450 -0.004754 -0.005300 0.006203 0.998715 -0.050303 11.063000 0.005072 0.050272 0.998723 0.000000 0.000000 0.000000 0.000000 1.000000
0.999935 -0.008835 -0.007191 -0.005300 0.008439 0.998537 -0.053402 11.063000 0.007653 0.053338 0.998547 0.000000 0.000000 0.000000 0.000000 1.000000
0.999886 -0.010951 -0.010429 -0.005300 0.010339 0.998319 -0.057020 11.063000 0.011036 0.056906 0.998319 0.000000 0.000000 0.000000 0.000000 1.000000
0.999830 -0.011875 -0.014096 -0.005300 0.010998 0.998094 -0.060719 11.063000 0.014790 0.060553 0.998055 0.000000 0.000000 0.000000 0.000000 1.000000
0.999780 -0.011114 -0.017806 -0.005300 0.009979 0.997988 -0.062618 11.063000 0.018466 0.062427 0.997879 0.000000 0.000000 0.000000 0.000000 1.000000
0.999718 -0.009983 -0.021538 -0.005300 0.008580 0.997895 -0.064273 11.063000 0.022134 0.064070 0.997700 -0.000000 0.000000 0.000000 0.000000 1.000000
0.999642 -0.008732 -0.025272 -0.005300 0.007054 0.997812 -0.065743 11.063000 0.025791 0.065541 0.997517 0.000000 0.000000 0.000000 0.000000 1.000000
0.999552 -0.007527 -0.028974 -0.005300 0.005573 0.997741 -0.066943 11.063000 0.029412 0.066752 0.997336 -0.000000 0.000000 0.000000 0.000000 1.000000
0.999447 -0.006531 -0.032609 -0.005300 0.004308 0.997690 -0.067792 11.063000 0.032976 0.067614 0.997166 -0.000000 0.000000 0.000000 0.000000 1.000000
0.999324 -0.005887 -0.036299 -0.005300 0.003400 0.997666 -0.068197 11.063000 0.036615 0.068027 0.997011 0.000000 0.000000 0.000000 0.000000 1.000000
0.999179 -0.005546 -0.040136 -0.005300 0.002804 0.997676 -0.068073 11.063000 0.040421 0.067905 0.996873 0.000000 0.000000 0.000000 0.000000 1.000000
0.999035 -0.005359 -0.043604 -0.005300 0.002411 0.997724 -0.067385 11.063000 0.043866 0.067215 0.996774 0.000000 0.000000 0.000000 0.000000 1.000000
0.998921 -0.005175 -0.046162 -0.005300 0.002115 0.997811 -0.066098 11.063000 0.046403 0.065929 0.996745 -0.000000 0.000000 0.000000 0.000000 1.000000
0.998893 -0.004956 -0.046775 -0.005300 0.001978 0.997979 -0.063508 11.063000 0.046995 0.063345 0.996885 0.000000 0.000000 0.000000 0.000000 1.000000
0.998932 -0.004868 -0.045938 -0.005300 0.002114 0.998207 -0.059817 11.063000 0.046147 0.059656 0.997152 -0.000000 0.000000 0.000000 0.000000 1.000000
0.998976 -0.005073 -0.044952 -0.005300 0.002557 0.998435 -0.055873 11.063000 0.045165 0.055701 0.997425 0.000000 0.000000 0.000000 0.000000 1.000000
0.999023 -0.006366 -0.043731 -0.005300 0.004078 0.998628 -0.052209 11.063000 0.044004 0.051979 0.997678 0.000000 0.000000 0.000000 0.000000 1.000000
0.999034 -0.008554 -0.043096 -0.005300 0.006404 0.998740 -0.049772 11.063000 0.043467 0.049448 0.997830 -0.000000 0.000000 0.000000 0.000000 1.000000
0.999028 -0.011153 -0.042635 -0.005300 0.009101 0.998805 -0.048026 11.063000 0.043120 0.047592 0.997936 0.000000 0.000000 0.000000 0.000000 1.000000
0.998985 -0.014791 -0.042551 -0.005300 0.012724 0.998745 -0.048441 11.063000 0.043214 0.047850 0.997919 0.000000 0.000000 0.000000 0.000000 1.000000
0.998939 -0.018197 -0.042299 -0.005300 0.016099 0.998649 -0.049413 11.063000 0.043141 0.048680 0.997882 0.000000 0.000000 0.000000 0.000000 1.000000
0.998902 -0.021038 -0.041860 -0.005300 0.018944 0.998579 -0.049812 11.063000 0.042848 0.048965 0.997881 0.000000 0.000000 0.000000 0.000000 1.000000
0.998899 -0.023156 -0.040808 -0.005300 0.021119 0.998543 -0.049667 11.063000 0.041899 0.048750 0.997932 0.000000 0.000000 0.000000 0.000000 1.000000
0.999030 -0.022921 -0.037609 -0.005300 0.021120 0.998643 -0.047613 11.063000 0.038650 0.046772 0.998158 0.000000 0.000000 0.000000 0.000000 1.000000
0.999234 -0.021007 -0.033026 -0.005300 0.019496 0.998777 -0.045438 11.063000 0.033940 0.044759 0.998421 0.000000 0.000000 0.000000 0.000000 1.000000
0.999439 -0.018056 -0.028205 -0.005300 0.016807 0.998896 -0.043878 11.063000 0.028966 0.043379 0.998639 0.000000 0.000000 0.000000 0.000000 1.000000
0.999608 -0.014602 -0.023905 -0.005300 0.013560 0.998975 -0.043175 11.063000 0.024511 0.042834 0.998781 0.000000 0.000000 0.000000 0.000000 1.000000
0.999729 -0.011166 -0.020419 -0.005300 0.010274 0.999011 -0.043255 11.063000 0.020881 0.043034 0.998855 0.000000 0.000000 0.000000 0.000000 1.000000
0.999819 -0.007985 -0.017281 -0.005300 0.007223 0.999016 -0.043755 11.063000 0.017613 0.043622 0.998893 0.000000 0.000000 0.000000 0.000000 1.000000
0.999883 -0.005218 -0.014366 -0.005300 0.004580 0.999018 -0.044060 11.063000 0.014582 0.043989 0.998926 -0.000000 0.000000 0.000000 0.000000 1.000000
0.999930 -0.002604 -0.011524 -0.005300 0.002091 0.999017 -0.044278 11.063000 0.011628 0.044251 0.998953 0.000000 0.000000 0.000000 0.000000 1.000000</float_array><technique_common><accessor source="#Spine2-Matrix-animation-output-transform-array" count="44" stride="16"><param type="float4x4"/></accessor></technique_common></source><source id="Spine2-Interpolations"><Name_array id="Spine2-Interpolations-array" count="44">
 LINEAR LINEAR LINEAR LINEAR LINEAR LINEAR LINEAR LINEAR LINEAR LINEAR LINEAR
LINEAR LINEAR LINEAR LINEAR LINEAR LINEAR LINEAR LINEAR LINEAR LINEAR LINEAR LINEAR
LINEAR LINEAR LINEAR LINEAR LINEAR LINEAR LINEAR LINEAR LINEAR LINEAR LINEAR LINEAR
LINEAR LINEAR LINEAR LINEAR LINEAR LINEAR LINEAR LINEAR LINEAR</Name_array><technique_common><accessor source="#Spine2-Interpolations-array" count="44"><param type="name"/></accessor></technique_common></source><sampler id="Spine2-Matrix-animation-transform"><input semantic="INPUT" source="#Spine2-Matrix-animation-input"/><input semantic="OUTPUT" source="#Spine2-Matrix-animation-output-transform"/><input semantic="INTERPOLATION" source="#Spine2-Interpolations"/></sampler><channel source="#Spine2-Matrix-animation-transform" target="Spine2/matrix"/></animation>
    <animation id="Neck-anim" name="Neck"><source id="Neck-Matrix-animation-input"><float_array id="Neck-Matrix-animation-input-array" count="44">

0.000000 0.033333 0.066667 0.100000 0.133333 0.166667 0.200000 0.233333 0.266667 0.300000 0.333333 0.366667 0.400000 0.433333 0.466667 0.500000
0.533333 0.566667 0.600000 0.633333 0.666667 0.700000 0.733333 0.766667 0.800000 0.833333 0.866667 0.900000 0.933333 0.966667 1.000000 1.033333
1.066667 1.100000 1.133333 1.166667 1.200000 1.233333 1.266667 1.300000 1.333333 1.366667 1.400000 1.433333</float_array><technique_common><accessor source="#Neck-Matrix-animation-input-array" count="44"><param name="TIME" type="float"/></accessor></technique_common></source><source id="Neck-Matrix-animation-output-transform"><float_array id="Neck-Matrix-animation-output-transform-array" count="704">

0.996424 -0.040750 -0.074017 -0.006000 0.044725 0.997599 0.052870 23.723499 0.071685 -0.055991 0.995855 -1.446200 0.000000 0.000000 0.000000 1.000000
0.996542 -0.039695 -0.073000 -0.006000 0.043766 0.997524 0.055041 23.723499 0.070635 -0.058046 0.995812 -1.446200 0.000000 0.000000 0.000000 1.000000
0.996654 -0.038730 -0.071979 -0.006000 0.042994 0.997351 0.058672 23.723499 0.069516 -0.061571 0.995679 -1.446200 0.000000 0.000000 0.000000 1.000000
0.996765 -0.038151 -0.070737 -0.006000 0.042608 0.997128 0.062619 23.723499 0.068145 -0.065430 0.995528 -1.446200 0.000000 0.000000 0.000000 1.000000
0.996881 -0.038280 -0.069018 -0.006000 0.042815 0.996936 0.065462 23.723499 0.066300 -0.068213 0.995465 -1.446200 0.000000 0.000000 0.000000 1.000000
0.997004 -0.039317 -0.066607 -0.006000 0.043732 0.996850 0.066163 23.723499 0.063796 -0.068878 0.995583 -1.446200 0.000000 0.000000 0.000000 1.000000
0.997143 -0.040736 -0.063613 -0.006000 0.044890 0.996855 0.065302 23.723499 0.060753 -0.067971 0.995836 -1.446200 0.000000 0.000000 0.000000 1.000000
0.997292 -0.041573 -0.060665 -0.006000 0.045500 0.996858 0.064841 23.723499 0.057779 -0.067426 0.996050 -1.446200 0.000000 0.000000 0.000000 1.000000
0.997463 -0.041275 -0.058008 -0.006000 0.045055 0.996839 0.065443 23.723499 0.055123 -0.067891 0.996169 -1.446200 0.000000 0.000000 0.000000 1.000000
0.997679 -0.039370 -0.055563 -0.006000 0.043066 0.996825 0.066971 23.723499 0.052750 -0.069208 0.996207 -1.446200 0.000000 0.000000 0.000000 1.000000
0.997966 -0.035437 -0.052999 -0.006000 0.039046 0.996875 0.068671 23.723499 0.050400 -0.070601 0.996231 -1.446200 0.000000 0.000000 0.000000 1.000000
0.998327 -0.028977 -0.050045 -0.006000 0.032441 0.997030 0.069850 23.723499 0.047872 -0.071357 0.996301 -1.446200 0.000000 0.000000 0.000000 1.000000
0.998665 -0.021259 -0.047072 -0.006000 0.024529 0.997245 0.070011 23.723499 0.045454 -0.071072 0.996435 -1.446200 0.000000 0.000000 0.000000 1.000000
0.998898 -0.014173 -0.044744 -0.006000 0.017232 0.997485 0.068752 23.723499 0.043657 -0.069447 0.996630 -1.446200 0.000000 0.000000 0.000000 1.000000
0.999011 -0.009088 -0.043536 -0.006000 0.011957 0.997742 0.066086 23.723499 0.042837 -0.066541 0.996864 -1.446200 0.000000 0.000000 0.000000 1.000000
0.999030 -0.006496 -0.043560 -0.006000 0.009212 0.998005 0.062457 23.723499 0.043067 -0.062797 0.997097 -1.446200 0.000000 0.000000 0.000000 1.000000
0.999003 -0.005421 -0.044320 -0.006000 0.008009 0.998259 0.058430 23.723499 0.043926 -0.058726 0.997307 -1.446200 0.000000 0.000000 0.000000 1.000000
0.999004 -0.004045 -0.044432 -0.006000 0.006564 0.998370 0.056697 23.723499 0.044131 -0.056933 0.997402 -1.446200 0.000000 0.000000 0.000000 1.000000
0.999013 -0.002640 -0.044343 -0.006000 0.005092 0.998458 0.055272 23.723499 0.044129 -0.055443 0.997486 -1.446200 0.000000 0.000000 0.000000 1.000000
0.999022 -0.001189 -0.044206 -0.006000 0.003581 0.998531 0.054069 23.723499 0.044076 -0.054174 0.997558 -1.446200 0.000000 0.000000 0.000000 1.000000
0.999027 0.000396 -0.044112 -0.006000 0.001953 0.998582 0.053200 23.723499 0.044070 -0.053234 0.997609 -1.446200 0.000000 0.000000 0.000000 1.000000
0.999022 0.002206 -0.044153 -0.006000 0.000127 0.998606 0.052776 23.723499 0.044208 -0.052730 0.997630 -1.446200 0.000000 0.000000 0.000000 1.000000
0.999005 0.004535 -0.044368 -0.006000 -0.002178 0.998590 0.053032 23.723499 0.044546 -0.052883 0.997607 -1.446200 0.000000 0.000000 0.000000 1.000000
0.998972 0.007544 -0.044710 -0.006000 -0.005117 0.998520 0.054151 23.723499 0.045053 -0.053867 0.997531 -1.446200 0.000000 0.000000 0.000000 1.000000
0.998921 0.010508 -0.045246 -0.006000 -0.007975 0.998409 0.055815 23.723499 0.045760 -0.055394 0.997415 -1.446200 0.000000 0.000000 0.000000 1.000000
0.998859 0.012675 -0.046051 -0.006000 -0.010009 0.998285 0.057688 23.723499 0.046703 -0.057161 0.997272 -1.446200 0.000000 0.000000 0.000000 1.000000
0.998782 0.013357 -0.047495 -0.006000 -0.010496 0.998144 0.059979 23.723499 0.048208 -0.059407 0.997069 -1.446200 0.000000 0.000000 0.000000 1.000000
0.998697 0.012779 -0.049401 -0.006000 -0.009661 0.997976 0.062850 23.723499 0.050104 -0.062291 0.996800 -1.446200 0.000000 0.000000 0.000000 1.000000
0.998630 0.011140 -0.051119 -0.006000 -0.007752 0.997788 0.066016 23.723499 0.051741 -0.065529 0.996508 -1.446200 0.000000 0.000000 0.000000 1.000000
0.998587 0.006565 -0.052727 -0.006000 -0.002839 0.997513 0.070427 23.723499 0.053058 -0.070177 0.996122 -1.446200 0.000000 0.000000 0.000000 1.000000
0.998518 0.000389 -0.054425 -0.006000 0.003755 0.997100 0.076010 23.723499 0.054297 -0.076101 0.995621 -1.446200 0.000000 0.000000 0.000000 1.000000
