<?xml version="1.0" encoding="utf-8"?>
<COLLADA xmlns="http://www.collada.org/2005/11/COLLADASchema" version="1.4.1">
  <asset><contributor><author>Mixamo</author><authoring_tool>COLLADA Mixamo exporter</authoring_tool><comments></comments></contributor><created>2018-06-07T23:57:02Z</created><modified>2018-06-07T23:57:02Z</modified><revision></revision><title></title><unit meter="0.010000"/><up_axis>Y_UP</up_axis></asset>
  <library_animations>
    <animation id="Hips-anim" name="Hips"><source id="Hips-Matrix-animation-input"><float_array id="Hips-Matrix-animation-input-array" count="43">

0.000000 0.033333 0.066667 0.100000 0.133333 0.166667 0.200000 0.233333 0.266667 0.300000 0.333333 0.366667 0.400000 0.433333 0.466667 0.500000
0.533333 0.566667 0.600000 0.633333 0.666667 0.700000 0.733333 0.766667 0.800000 0.833333 0.866667 0.900000 0.933333 0.966667 1.000000 1.033333
1.066667 1.100000 1.133333 1.166667 1.200000 1.233333 1.266667 1.300000 1.333333 1.366667 1.400000</float_array><technique_common><accessor source="#Hips-Matrix-animation-input-array" count="43"><param name="TIME" type="float"/></accessor></technique_common></source><source id="Hips-Matrix-animation-output-transform"><float_array id="Hips-Matrix-animation-output-transform-array" count="688">

0.871177 0.115341 -0.477229 0.787439 -0.077605 0.992144 0.098123 112.584557 0.484797 -0.048447 0.873284 -1.475074 0.000000 0.000000 0.000000 1.000000
0.857440 0.115834 -0.501377 1.228267 -0.079043 0.992420 0.094103 112.476013 0.508476 -0.041058 0.860097 -1.396880 0.000000 0.000000 0.000000 1.000000
0.842931 0.116036 -0.525360 1.670735 -0.080291 0.992662 0.090423 112.367920 0.531997 -0.034039 0.846062 -1.317525 0.000000 0.000000 0.000000 1.000000
0.828204 0.115581 -0.548379 2.108286 -0.081524 0.992940 0.086158 112.258461 0.554466 -0.026650 0.831780 -1.241651 0.000000 0.000000 0.000000 1.000000
0.814160 0.113885 -0.569363 2.529757 -0.083007 0.993333 0.079992 112.146507 0.574677 -0.017865 0.818185 -1.175668 0.000000 0.000000 0.000000 1.000000
0.804642 0.108389 -0.583784 2.899721 -0.085863 0.994103 0.066225 112.016319 0.587520 -0.003161 0.809204 -1.149114 0.000000 0.000000 0.000000 1.000000
0.796362 0.101835 -0.596185 3.325258 -0.090468 0.994690 0.049059 111.815933 0.598016 0.014867 0.801347 -1.155669 0.000000 0.000000 0.000000 1.000000
0.788539 0.093886 -0.607777 3.747571 -0.093983 0.995067 0.031777 111.613907 0.607762 0.032063 0.793472 -1.159856 0.000000 0.000000 0.000000 1.000000
0.780671 0.082523 -0.619470 4.095726 -0.090247 0.995740 0.018917 111.493256 0.618392 0.041138 0.784793 -1.106615 0.000000 0.000000 0.000000 1.000000
0.772573 0.067888 -0.631287 4.376131 -0.079647 0.996776 0.009720 111.446304 0.629911 0.042771 0.775489 -1.001935 0.000000 0.000000 0.000000 1.000000
0.765020 0.053208 -0.641805 4.619129 -0.067422 0.997722 0.002349 111.438728 0.640467 0.041475 0.766865 -0.862936 0.000000 0.000000 0.000000 1.000000
0.760484 0.040465 -0.648095 4.786782 -0.053314 0.998578 -0.000211 111.512451 0.647164 0.034712 0.761560 -0.641426 0.000000 0.000000 0.000000 1.000000
0.755791 0.032828 -0.653989 4.806470 -0.044425 0.999012 -0.001194 111.692169 0.653304 0.029956 0.756503 -0.344378 0.000000 0.000000 0.000000 1.000000
0.750844 0.030235 -0.659787 4.775674 -0.040207 0.999191 0.000032 111.993767 0.659255 0.026504 0.751452 0.009701 0.000000 0.000000 0.000000 1.000000
0.746194 0.031713 -0.664972 4.824432 -0.038263 0.999257 0.004719 112.357651 0.664628 0.021923 0.746853 0.377300 0.000000 0.000000 0.000000 1.000000
0.742351 0.035744 -0.669057 5.084609 -0.036076 0.999260 0.013357 112.640732 0.669040 0.014221 0.743091 0.705042 0.000000 0.000000 0.000000 1.000000
0.737533 0.040315 -0.674107 5.633367 -0.032909 0.999176 0.023752 112.623276 0.674509 0.004666 0.738252 1.087746 0.000000 0.000000 0.000000 1.000000
0.737137 0.044519 -0.674276 6.249534 -0.031176 0.999005 0.031877 112.694130 0.675024 -0.002477 0.737791 1.456785 0.000000 0.000000 0.000000 1.000000
0.738560 0.048496 -0.672442 6.880975 -0.030045 0.998786 0.039032 112.811859 0.673518 -0.008624 0.739120 1.817942 0.000000 0.000000 0.000000 1.000000
0.743125 0.052889 -0.667059 7.524971 -0.030244 0.998508 0.045476 112.991119 0.668469 -0.013620 0.743616 2.123351 0.000000 0.000000 0.000000 1.000000
0.755627 0.058179 -0.652414 8.197496 -0.033811 0.998184 0.049853 113.322433 0.654129 -0.015611 0.756221 2.275419 0.000000 0.000000 0.000000 1.000000
0.769346 0.062197 -0.635798 8.910644 -0.037128 0.997920 0.052695 113.614578 0.637753 -0.016934 0.770055 2.303807 0.000000 0.000000 0.000000 1.000000
0.786244 0.061429 -0.614855 9.070234 -0.038816 0.997991 0.050072 113.979683 0.616695 -0.015503 0.787049 2.271239 0.000000 0.000000 0.000000 1.000000
0.803836 0.058949 -0.591923 9.009909 -0.039811 0.998178 0.045344 114.374252 0.593518 -0.012884 0.804718 2.219952 0.000000 0.000000 0.000000 1.000000
0.821767 0.055796 -0.567085 8.986423 -0.040785 0.998401 0.039132 114.766365 0.568362 -0.009028 0.822729 2.171694 0.000000 0.000000 0.000000 1.000000
0.841267 0.050879 -0.538220 9.054275 -0.041691 0.998702 0.029245 115.145592 0.539010 -0.002164 0.842297 2.135340 0.000000 0.000000 0.000000 1.000000
0.859135 0.046133 -0.509665 9.071073 -0.042282 0.998922 0.019143 115.486237 0.509999 0.005103 0.860160 2.140118 0.000000 0.000000 0.000000 1.000000
0.874542 0.038788 -0.483396 8.843884 -0.039037 0.999192 0.009552 115.590202 0.483376 0.010517 0.875350 2.142485 0.000000 0.000000 0.000000 1.000000
0.886839 0.030337 -0.461082 8.270064 -0.032963 0.999454 0.002359 115.460030 0.460902 0.013106 0.887354 2.040321 0.000000 0.000000 0.000000 1.000000
0.896176 0.024767 -0.443007 7.351320 -0.027958 0.999609 -0.000672 115.209419 0.442817 0.012988 0.896518 1.801269 0.000000 0.000000 0.000000 1.000000
0.903582 0.027400 -0.427538 6.182542 -0.029601 0.999561 0.001500 115.000549 0.427391 0.011300 0.903996 1.470000 0.000000 0.000000 0.000000 1.000000
0.911557 0.039877 -0.409236 4.865031 -0.040496 0.999154 0.007156 114.752083 0.409176 0.010049 0.912400 1.074204 0.000000 0.000000 0.000000 1.000000
0.920565 0.059844 -0.385977 3.481241 -0.059152 0.998155 0.013680 114.491272 0.386083 0.010238 0.922407 0.595533 0.000000 0.000000 0.000000 1.000000
0.928511 0.080905 -0.362384 2.089235 -0.078864 0.996676 0.020448 114.244347 0.362833 0.009593 0.931805 0.105363 0.000000 0.000000 0.000000 1.000000
0.933375 0.098711 -0.345062 0.815519 -0.094846 0.995095 0.028111 114.016777 0.346144 0.006489 0.938159 -0.338611 0.000000 0.000000 0.000000 1.000000
0.933598 0.112067 -0.340346 -0.158062 -0.105553 0.993700 0.037657 113.782639 0.342422 0.000768 0.939546 -0.712079 0.000000 0.000000 0.000000 1.000000
0.929758 0.120705 -0.347822 -0.723476 -0.110858 0.992669 0.048153 113.418961 0.351085 -0.006212 0.936323 -1.039664 0.000000 0.000000 0.000000 1.000000
0.923728 0.124371 -0.362297 -1.013769 -0.110419 0.992129 0.059053 113.149498 0.366790 -0.014544 0.930190 -1.274500 0.000000 0.000000 0.000000 1.000000
0.916948 0.123982 -0.379257 -1.102061 -0.105099 0.991982 0.070181 113.002174 0.384917 -0.024493 0.922626 -1.398972 0.000000 0.000000 0.000000 1.000000
0.910304 0.121195 -0.395802 -1.033170 -0.097008 0.992011 0.080648 112.927292 0.402414 -0.035018 0.914788 -1.441956 0.000000 0.000000 0.000000 1.000000
0.904013 0.118044 -0.410886 -0.828231 -0.089081 0.992039 0.089012 112.840981 0.418122 -0.043865 0.907331 -1.468324 0.000000 0.000000 0.000000 1.000000
0.897547 0.116029 -0.425379 -0.513859 -0.083576 0.992034 0.094248 112.798492 0.432926 -0.049041 0.900095 -1.503247 0.000000 0.000000 0.000000 1.000000
0.889648 0.115182 -0.441882 -0.090399 -0.080347 0.992053 0.096828 112.759804 0.449523 -0.050639 0.891832 -1.506844 0.000000 0.000000 0.000000 1.000000</float_array><technique_common><accessor source="#Hips-Matrix-animation-output-transform-array" count="43" stride="16"><param type="float4x4"/></accessor></technique_common></source><source id="Hips-Interpolations"><Name_array id="Hips-Interpolations-array" count="43">
 LINEAR LINEAR LINEAR LINEAR LINEAR LINEAR LINEAR LINEAR LINEAR LINEAR LINEAR
LINEAR LINEAR LINEAR LINEAR LINEAR LINEAR LINEAR LINEAR LINEAR LINEAR LINEAR LINEAR
LINEAR LINEAR LINEAR LINEAR LINEAR LINEAR LINEAR LINEAR LINEAR LINEAR LINEAR LINEAR
LINEAR LINEAR LINEAR LINEAR LINEAR LINEAR LINEAR LINEAR</Name_array><technique_common><accessor source="#Hips-Interpolations-array" count="43"><param type="name"/></accessor></technique_common></source><sampler id="Hips-Matrix-animation-transform"><input semantic="INPUT" source="#Hips-Matrix-animation-input"/><input semantic="OUTPUT" source="#Hips-Matrix-animation-output-transform"/><input semantic="INTERPOLATION" source="#Hips-Interpolations"/></sampler><channel source="#Hips-Matrix-animation-transform" target="Hips/matrix"/></animation>
    <animation id="Spine-anim" name="Spine"><source id="Spine-Matrix-animation-input"><float_array id="Spine-Matrix-animation-input-array" count="43">

0.000000 0.033333 0.066667 0.100000 0.133333 0.166667 0.200000 0.233333 0.266667 0.300000 0.333333 0.366667 0.400000 0.433333 0.466667 0.500000
0.533333 0.566667 0.600000 0.633333 0.666667 0.700000 0.733333 0.766667 0.800000 0.833333 0.866667 0.900000 0.933333 0.966667 1.000000 1.033333
1.066667 1.100000 1.133333 1.166667 1.200000 1.233333 1.266667 1.300000 1.333333 1.366667 1.400000</float_array><technique_common><accessor source="#Spine-Matrix-animation-input-array" count="43"><param name="TIME" type="float"/></accessor></technique_common></source><source id="Spine-Matrix-animation-output-transform"><float_array id="Spine-Matrix-animation-output-transform-array" count="688">

0.988241 -0.041500 0.147164 -0.000000 0.069454 0.979277 -0.190243 13.214800 -0.136219 0.198227 0.970644 -0.000000 0.000000 0.000000 0.000000 1.000000
0.986983 -0.034094 0.157168 0.000000 0.063308 0.980733 -0.184812 13.214800 -0.147839 0.192356 0.970125 -0.000000 0.000000 0.000000 0.000000 1.000000
0.985491 -0.026781 0.167602 0.000000 0.057237 0.982069 -0.179625 13.214800 -0.159787 0.186612 0.969353 0.000000 0.000000 0.000000 0.000000 1.000000
0.984009 -0.019657 0.177032 0.000000 0.050984 0.983390 -0.174195 13.214800 -0.170667 0.180435 0.968667 -0.000000 0.000000 0.000000 0.000000 1.000000
0.982971 -0.012806 0.183316 0.000000 0.044113 0.984844 -0.167741 13.214800 -0.178389 0.172971 0.968637 -0.000000 0.000000 0.000000 0.000000 1.000000
0.984004 -0.006736 0.178022 0.000000 0.035186 0.986948 -0.157149 13.214800 -0.174640 0.160900 0.971397 0.000000 0.000000 0.000000 0.000000 1.000000
0.985028 -0.003282 0.172366 0.000000 0.028741 0.988952 -0.145420 13.214800 -0.169984 0.148197 0.974240 0.000000 0.000000 0.000000 0.000000 1.000000
0.986028 0.000854 0.166578 0.000000 0.021831 0.990700 -0.134303 13.214800 -0.165143 0.136064 0.976839 -0.000000 0.000000 0.000000 0.000000 1.000000
0.986651 0.011161 0.162467 -0.000000 0.009944 0.991658 -0.128512 13.214800 -0.162546 0.128412 0.978309 0.000000 0.000000 0.000000 0.000000 1.000000
0.986764 0.027386 0.159833 -0.000000 -0.006802 0.991759 -0.127936 13.214800 -0.162019 0.125155 0.978819 0.000000 0.000000 0.000000 0.000000 1.000000
0.986444 0.044972 0.157813 0.000000 -0.024593 0.991367 -0.128787 13.214800 -0.162243 0.123160 0.979035 0.000000 0.000000 0.000000 0.000000 1.000000
0.985537 0.063575 0.157081 -0.000000 -0.042954 0.990405 -0.131350 13.214800 -0.163925 0.122703 0.978812 0.000000 0.000000 0.000000 0.000000 1.000000
0.984740 0.077797 0.155674 0.000000 -0.057487 0.989719 -0.130963 13.214800 -0.164262 0.120016 0.979088 0.000000 0.000000 0.000000 0.000000 1.000000
0.984834 0.087572 0.149780 -0.000000 -0.068409 0.989331 -0.128625 13.214800 -0.159446 0.116427 0.980317 0.000000 0.000000 0.000000 0.000000 1.000000
0.986033 0.094300 0.137285 -0.000000 -0.076910 0.988931 -0.126888 13.214800 -0.147731 0.114557 0.982371 0.000000 0.000000 0.000000 0.000000 1.000000
0.987941 0.099441 0.118679 0.000000 -0.084051 0.988167 -0.128302 13.214800 -0.130034 0.116780 0.984608 0.000000 0.000000 0.000000 0.000000 1.000000
0.989817 0.102782 0.098476 -0.000000 -0.089387 0.987221 -0.131928 13.214800 -0.110777 0.121782 0.986356 0.000000 0.000000 0.000000 0.000000 1.000000
0.991346 0.101928 0.082725 0.000000 -0.090280 0.986853 -0.134056 13.214800 -0.095301 0.125427 0.987515 0.000000 0.000000 0.000000 0.000000 1.000000
0.992658 0.099459 0.068831 0.000000 -0.089464 0.986722 -0.135560 13.214800 -0.081400 0.128407 0.988375 0.000000 0.000000 0.000000 0.000000 1.000000
0.993851 0.095615 0.055831 0.000000 -0.087243 0.986741 -0.136861 13.214800 -0.068177 0.131148 0.989016 0.000000 0.000000 0.000000 0.000000 1.000000
0.995060 0.088455 0.045068 0.000000 -0.081513 0.987116 -0.137685 13.214800 -0.056666 0.133331 0.989450 0.000000 0.000000 0.000000 0.000000 1.000000
0.996119 0.081052 0.034318 0.000000 -0.075573 0.987462 -0.138588 13.214800 -0.045120 0.135457 0.989755 0.000000 0.000000 0.000000 0.000000 1.000000
0.997006 0.073494 0.024036 0.000000 -0.069441 0.987745 -0.139776 13.214800 -0.034015 0.137689 0.989891 0.000000 0.000000 0.000000 0.000000 1.000000
0.997731 0.065864 0.013947 -0.000000 -0.063246 0.987965 -0.141159 13.214800 -0.023077 0.139957 0.989889 0.000000 0.000000 0.000000 0.000000 1.000000
0.998322 0.057739 0.004326 0.000000 -0.056533 0.988158 -0.142648 13.214800 -0.012511 0.142164 0.989764 -0.000000 0.000000 0.000000 0.000000 1.000000
0.998813 0.048563 -0.003769 0.000000 -0.048599 0.988394 -0.143927 13.214800 -0.003264 0.143939 0.989581 0.000000 0.000000 0.000000 0.000000 1.000000
0.999159 0.040139 -0.008413 -0.000000 -0.040929 0.988937 -0.142578 13.214800 0.002597 0.142802 0.989748 0.000000 0.000000 0.000000 0.000000 1.000000
0.999286 0.036964 -0.007786 0.000000 -0.037685 0.989708 -0.138050 13.214800 0.002603 0.138244 0.990395 -0.000000 0.000000 0.000000 0.000000 1.000000
0.999283 0.037797 -0.002232 -0.000000 -0.037758 0.990400 -0.132975 13.214800 -0.002815 0.132964 0.991117 0.000000 0.000000 0.000000 0.000000 1.000000
0.999273 0.037547 0.006549 0.000000 -0.036373 0.990777 -0.130529 13.214800 -0.011390 0.130196 0.991423 0.000000 0.000000 0.000000 0.000000 1.000000
0.999456 0.028991 0.015728 0.000000 -0.026644 0.990741 -0.133123 13.214800 -0.019441 0.132632 0.990975 -0.000000 0.000000 0.000000 0.000000 1.000000
0.999726 0.009088 0.021575 -0.000000 -0.005988 0.990185 -0.139635 13.214800 -0.022633 0.139468 0.989968 -0.000000 0.000000 0.000000 0.000000 1.000000
0.999563 -0.018187 0.023290 0.000000 0.021419 0.988902 -0.147015 13.214800 -0.020358 0.147449 0.988860 -0.000000 0.000000 0.000000 0.000000 1.000000
0.998730 -0.044573 0.023501 0.000000 0.047670 0.986923 -0.153984 13.214800 -0.016330 0.154908 0.987794 0.000000 0.000000 0.000000 0.000000 1.000000
0.997566 -0.064868 0.025585 0.000000 0.068140 0.984753 -0.160056 13.214800 -0.014813 0.161409 0.986776 0.000000 0.000000 0.000000 0.000000 1.000000
0.996413 -0.078044 0.032701 0.000000 0.082405 0.982771 -0.165443 13.214800 -0.019226 0.167544 0.985677 0.000000 0.000000 0.000000 0.000000 1.000000
0.995405 -0.084978 0.044139 -0.000000 0.091320 0.981108 -0.170550 13.214800 -0.028812 0.173797 0.984360 0.000000 0.000000 0.000000 0.000000 1.000000
0.994665 -0.085739 0.057358 0.000000 0.094592 0.979914 -0.175560 13.214800 -0.041153 0.180049 0.982796 0.000000 0.000000 0.000000 0.000000 1.000000
0.994191 -0.080941 0.070947 0.000000 0.092604 0.979197 -0.180547 13.214800 -0.054857 0.186069 0.981004 -0.000000 0.000000 0.000000 0.000000 1.000000
0.993810 -0.072394 0.084266 0.000000 0.087010 0.978833 -0.185245 13.214800 -0.069072 0.191430 0.979073 0.000000 0.000000 0.000000 0.000000 1.000000
0.993255 -0.062978 0.097357 0.000000 0.080580 0.978662 -0.189017 13.214800 -0.083375 0.195587 0.977136 0.000000 0.000000 0.000000 0.000000 1.000000
0.992342 -0.055792 0.110204 0.000000 0.076263 0.978563 -0.191306 13.214800 -0.097168 0.198246 0.975324 0.000000 0.000000 0.000000 0.000000 1.000000
0.991107 -0.050371 0.123162 0.000000 0.073589 0.978644 -0.191941 13.214800 -0.110864 0.199297 0.973648 -0.000000 0.000000 0.000000 0.000000 1.000000</float_array><technique_common><accessor source="#Spine-Matrix-animation-output-transform-array" count="43" stride="16"><param type="float4x4"/></accessor></technique_common></source><source id="Spine-Interpolations"><Name_array id="Spine-Interpolations-array" count="43">
 LINEAR LINEAR LINEAR LINEAR LINEAR LINEAR LINEAR LINEAR LINEAR LINEAR LINEAR
LINEAR LINEAR LINEAR LINEAR LINEAR LINEAR LINEAR LINEAR LINEAR LINEAR LINEAR LINEAR
LINEAR LINEAR LINEAR LINEAR LINEAR LINEAR LINEAR LINEAR LINEAR LINEAR LINEAR LINEAR
LINEAR LINEAR LINEAR LINEAR LINEAR LINEAR LINEAR LINEAR</Name_array><technique_common><accessor source="#Spine-Interpolations-array" count="43"><param type="name"/></accessor></technique_common></source><sampler id="Spine-Matrix-animation-transform"><input semantic="INPUT" source="#Spine-Matrix-animation-input"/><input semantic="OUTPUT" source="#Spine-Matrix-animation-output-transform"/><input semantic="INTERPOLATION" source="#Spine-Interpolations"/></sampler><channel source="#Spine-Matrix-animation-transform" target="Spine/matrix"/></animation>
    <animation id="Spine1-anim" name="Spine1"><source id="Spine1-Matrix-animation-input"><float_array id="Spine1-Matrix-animation-input-array" count="43">

0.000000 0.033333 0.066667 0.100000 0.133333 0.166667 0.200000 0.233333 0.266667 0.300000 0.333333 0.366667 0.400000 0.433333 0.466667 0.500000
0.533333 0.566667 0.600000 0.633333 0.666667 0.700000 0.733333 0.766667 0.800000 0.833333 0.866667 0.900000 0.933333 0.966667 1.000000 1.033333
1.066667 1.100000 1.133333 1.166667 1.200000 1.233333 1.266667 1.300000 1.333333 1.366667 1.400000</float_array><technique_common><accessor source="#Spine1-Matrix-animation-input-array" count="43"><param name="TIME" type="float"/></accessor></technique_common></source><source id="Spine1-Matrix-animation-output-transform"><float_array id="Spine1-Matrix-animation-output-transform-array" count="688">

0.999333 0.005891 0.036032 -0.007800 -0.003422 0.997665 -0.068212 9.224200 -0.036350 0.068043 0.997020 0.000000 0.000000 0.000000 0.000000 1.000000
0.999221 0.005631 0.039049 -0.007800 -0.002989 0.997723 -0.067386 9.224200 -0.039340 0.067217 0.996963 -0.000000 0.000000 0.000000 0.000000 1.000000
0.999097 0.005361 0.042152 -0.007800 -0.002543 0.997775 -0.066619 9.224200 -0.042416 0.066452 0.996888 0.000000 0.000000 0.000000 0.000000 1.000000
0.998974 0.005098 0.044995 -0.007800 -0.002135 0.997840 -0.065663 9.224200 -0.045233 0.065500 0.996827 0.000000 0.000000 0.000000 0.000000 1.000000
0.998880 0.004839 0.047063 -0.007800 -0.001812 0.997939 -0.064151 9.224200 -0.047277 0.063994 0.996830 -0.000000 0.000000 0.000000 0.000000 1.000000
0.998918 0.004754 0.046268 -0.007800 -0.001944 0.998162 -0.060575 9.224200 -0.046471 0.060419 0.997091 0.000000 0.000000 0.000000 0.000000 1.000000
0.998970 0.005205 0.045073 -0.007800 -0.002659 0.998408 -0.056347 9.224200 -0.045295 0.056169 0.997393 0.000000 0.000000 0.000000 0.000000 1.000000
0.999023 0.006038 0.043776 -0.007800 -0.003747 0.998629 -0.052217 9.224200 -0.044031 0.052002 0.997676 0.000000 0.000000 0.000000 0.000000 1.000000
0.999045 0.007935 0.042969 -0.007800 -0.005795 0.998748 -0.049696 9.224200 -0.043310 0.049399 0.997840 0.000000 0.000000 0.000000 0.000000 1.000000
0.999033 0.010890 0.042606 -0.007800 -0.008812 0.998776 -0.048663 9.224200 -0.043084 0.048240 0.997906 0.000000 0.000000 0.000000 0.000000 1.000000
0.999000 0.014213 0.042388 -0.007800 -0.012156 0.998755 -0.048384 9.224200 -0.043022 0.047820 0.997929 0.000000 0.000000 0.000000 0.000000 1.000000
0.998935 0.018168 0.042408 -0.007800 -0.016045 0.998626 -0.049884 9.224200 -0.043256 0.049151 0.997854 0.000000 0.000000 0.000000 0.000000 1.000000
0.998881 0.021414 0.042175 -0.007800 -0.019264 0.998527 -0.050731 9.224200 -0.043199 0.049862 0.997821 0.000000 0.000000 0.000000 0.000000 1.000000
0.998898 0.023141 0.040832 -0.007800 -0.021084 0.998522 -0.050092 9.224200 -0.041931 0.049176 0.997910 0.000000 0.000000 0.000000 0.000000 1.000000
0.999016 0.023057 0.037893 -0.007800 -0.021221 0.998614 -0.048174 9.224200 -0.038951 0.047322 0.998120 0.000000 0.000000 0.000000 0.000000 1.000000
0.999214 0.021311 0.033425 -0.007800 -0.019766 0.998751 -0.045885 9.224200 -0.034361 0.045188 0.998387 0.000000 0.000000 0.000000 0.000000 1.000000
0.999426 0.018348 0.028467 -0.007800 -0.017080 0.998879 -0.044148 9.224200 -0.029245 0.043636 0.998619 0.000000 0.000000 0.000000 0.000000 1.000000
0.999588 0.015004 0.024452 -0.007800 -0.013928 0.998951 -0.043624 9.224200 -0.025081 0.043266 0.998749 -0.000000 0.000000 0.000000 0.000000 1.000000
0.999716 0.011561 0.020837 -0.007800 -0.010644 0.998993 -0.043577 9.224200 -0.021320 0.043343 0.998833 0.000000 0.000000 0.000000 0.000000 1.000000
0.999814 0.008267 0.017418 -0.007800 -0.007498 0.999015 -0.043728 9.224200 -0.017762 0.043589 0.998892 0.000000 0.000000 0.000000 0.000000 1.000000
0.999880 0.005376 0.014495 -0.007800 -0.004730 0.999007 -0.044292 9.224200 -0.014719 0.044218 0.998913 -0.000000 0.000000 0.000000 0.000000 1.000000
0.999929 0.002669 0.011628 -0.007800 -0.002147 0.999002 -0.044623 9.224200 -0.011735 0.044595 0.998936 0.000000 0.000000 0.000000 0.000000 1.000000
0.999960 0.000419 0.008906 -0.007800 -0.000024 0.999017 -0.044329 9.224200 -0.008916 0.044327 0.998977 0.000000 0.000000 0.000000 0.000000 1.000000
0.999979 -0.001654 0.006237 -0.007800 0.001926 0.999039 -0.043798 9.224200 -0.006158 0.043809 0.999021 0.000000 0.000000 0.000000 0.000000 1.000000
0.999987 -0.003562 0.003640 -0.007800 0.003715 0.999064 -0.043106 9.224200 -0.003483 0.043119 0.999064 0.000000 0.000000 0.000000 0.000000 1.000000
0.999986 -0.005028 0.001316 -0.007800 0.005079 0.999106 -0.041973 9.224200 -0.001103 0.041979 0.999118 0.000000 0.000000 0.000000 0.000000 1.000000
0.999980 -0.006246 -0.000224 -0.007800 0.006232 0.999156 -0.040608 9.224200 0.000478 0.040606 0.999175 0.000000 0.000000 0.000000 0.000000 1.000000
0.999976 -0.006894 -0.000350 -0.007800 0.006875 0.999209 -0.039169 9.224200 0.000620 0.039166 0.999233 0.000000 0.000000 0.000000 0.000000 1.000000
0.999979 -0.006500 0.000826 -0.007800 0.006526 0.999250 -0.038168 9.224200 -0.000578 0.038172 0.999271 -0.000000 0.000000 0.000000 0.000000 1.000000
0.999985 -0.004780 0.002718 -0.007800 0.004881 0.999262 -0.038106 9.224200 -0.002534 0.038119 0.999270 -0.000000 0.000000 0.000000 0.000000 1.000000
0.999989 -0.001834 0.004396 -0.007800 0.002005 0.999225 -0.039313 9.224200 -0.004320 0.039321 0.999217 0.000000 0.000000 0.000000 0.000000 1.000000
0.999987 0.001126 0.004955 -0.007800 -0.000920 0.999140 -0.041446 9.224200 -0.004998 0.041441 0.999128 -0.000000 0.000000 0.000000 0.000000 1.000000
0.999986 0.002929 0.004462 -0.007800 -0.002731 0.999038 -0.043766 9.224200 -0.004586 0.043754 0.999032 0.000000 0.000000 0.000000 0.000000 1.000000
0.999985 0.003896 0.003782 -0.007800 -0.003718 0.998937 -0.045949 9.224200 -0.003957 0.045934 0.998937 -0.000000 0.000000 0.000000 0.000000 1.000000
0.999981 0.004853 0.003832 -0.007800 -0.004663 0.998833 -0.048075 9.224200 -0.004060 0.048056 0.998836 0.000000 0.000000 0.000000 0.000000 1.000000
0.999963 0.006719 0.005289 -0.007800 -0.006443 0.998700 -0.050558 9.224200 -0.005622 0.050522 0.998707 -0.000000 0.000000 0.000000 0.000000 1.000000
0.999926 0.009224 0.007930 -0.007800 -0.008785 0.998515 -0.053759 9.224200 -0.008414 0.053685 0.998522 0.000000 0.000000 0.000000 0.000000 1.000000
0.999875 0.011073 0.011249 -0.007800 -0.010410 0.998300 -0.057340 9.224200 -0.011864 0.057215 0.998291 0.000000 0.000000 0.000000 0.000000 1.000000
0.999819 0.011759 0.014927 -0.007800 -0.010832 0.998094 -0.060755 9.224200 -0.015613 0.060582 0.998041 0.000000 0.000000 0.000000 0.000000 1.000000
0.999761 0.011263 0.018733 -0.007800 -0.010051 0.997928 -0.063545 9.224200 -0.019410 0.063341 0.997803 -0.000000 0.000000 0.000000 0.000000 1.000000
0.999697 0.009975 0.022506 -0.007800 -0.008483 0.997820 -0.065450 9.224200 -0.023110 0.065239 0.997602 0.000000 0.000000 0.000000 0.000000 1.000000
0.999624 0.008481 0.026089 -0.007800 -0.006726 0.997756 -0.066621 9.224200 -0.026596 0.066421 0.997437 0.000000 0.000000 0.000000 0.000000 1.000000
0.999536 0.007237 0.029600 -0.007800 -0.005230 0.997717 -0.067335 9.224200 -0.030020 0.067149 0.997291 0.000000 0.000000 0.000000 0.000000 1.000000</float_array><technique_common><accessor source="#Spine1-Matrix-animation-output-transform-array" count="43" stride="16"><param type="float4x4"/></accessor></technique_common></source><source id="Spine1-Interpolations"><Name_array id="Spine1-Interpolations-array" count="43">
 LINEAR LINEAR LINEAR LINEAR LINEAR LINEAR LINEAR LINEAR LINEAR LINEAR LINEAR
LINEAR LINEAR LINEAR LINEAR LINEAR LINEAR LINEAR LINEAR LINEAR LINEAR LINEAR LINEAR
LINEAR LINEAR LINEAR LINEAR LINEAR LINEAR LINEAR LINEAR LINEAR LINEAR LINEAR LINEAR
LINEAR LINEAR LINEAR LINEAR LINEAR LINEAR LINEAR LINEAR</Name_array><technique_common><accessor source="#Spine1-Interpolations-array" count="43"><param type="name"/></accessor></technique_common></source><sampler id="Spine1-Matrix-animation-transform"><input semantic="INPUT" source="#Spine1-Matrix-animation-input"/><input semantic="OUTPUT" source="#Spine1-Matrix-animation-output-transform"/><input semantic="INTERPOLATION" source="#Spine1-Interpolations"/></sampler><channel source="#Spine1-Matrix-animation-transform" target="Spine1/matrix"/></animation>
    <animation id="Spine2-anim" name="Spine2"><source id="Spine2-Matrix-animation-input"><float_array id="Spine2-Matrix-animation-input-array" count="43">

0.000000 0.033333 0.066667 0.100000 0.133333 0.166667 0.200000 0.233333 0.266667 0.300000 0.333333 0.366667 0.400000 0.433333 0.466667 0.500000
0.533333 0.566667 0.600000 0.633333 0.666667 0.700000 0.733333 0.766667 0.800000 0.833333 0.866667 0.900000 0.933333 0.966667 1.000000 1.033333
1.066667 1.100000 1.133333 1.166667 1.200000 1.233333 1.266667 1.300000 1.333333 1.366667 1.400000</float_array><technique_common><accessor source="#Spine2-Matrix-animation-input-array" count="43"><param name="TIME" type="float"/></accessor></technique_common></source><source id="Spine2-Matrix-animation-output-transform"><float_array id="Spine2-Matrix-animation-output-transform-array" count="688">

0.999336 0.006027 0.035922 -0.005300 -0.003565 0.997665 -0.068207 11.063000 -0.036249 0.068034 0.997024 0.000000 0.000000 0.000000 0.000000 1.000000
0.999224 0.005749 0.038974 -0.005300 -0.003114 0.997725 -0.067348 11.063000 -0.039273 0.067174 0.996968 0.000000 0.000000 0.000000 0.000000 1.000000
0.999098 0.005462 0.042113 -0.005300 -0.002650 0.997780 -0.066548 11.063000 -0.042383 0.066376 0.996894 -0.000000 0.000000 0.000000 0.000000 1.000000
0.998974 0.005181 0.044990 -0.005300 -0.002223 0.997846 -0.065560 11.063000 -0.045232 0.065393 0.996834 -0.000000 0.000000 0.000000 0.000000 1.000000
0.998879 0.004901 0.047088 -0.005300 -0.001878 0.997947 -0.064019 11.063000 -0.047305 0.063859 0.996837 0.000000 0.000000 0.000000 0.000000 1.000000
0.998916 0.004786 0.046308 -0.005300 -0.001981 0.998170 -0.060433 11.063000 -0.046512 0.060276 0.997098 0.000000 0.000000 0.000000 0.000000 1.000000
0.998968 0.005219 0.045116 -0.005300 -0.002677 0.998414 -0.056233 11.063000 -0.045338 0.056054 0.997398 0.000000 0.000000 0.000000 0.000000 1.000000
0.999021 0.006040 0.043820 -0.005300 -0.003751 0.998633 -0.052133 11.063000 -0.044075 0.051918 0.997678 0.000000 0.000000 0.000000 0.000000 1.000000
0.999043 0.007933 0.043023 -0.005300 -0.005794 0.998752 -0.049614 11.063000 -0.043363 0.049317 0.997841 -0.000000 0.000000 0.000000 0.000000 1.000000
0.999030 0.010892 0.042676 -0.005300 -0.008815 0.998782 -0.048556 11.063000 -0.043153 0.048133 0.997908 -0.000000 0.000000 0.000000 0.000000 1.000000
0.998996 0.014214 0.042480 -0.005300 -0.012159 0.998762 -0.048244 11.063000 -0.043114 0.047679 0.997932 0.000000 0.000000 0.000000 0.000000 1.000000
0.998930 0.018136 0.042541 -0.005300 -0.016014 0.998636 -0.049698 11.063000 -0.043384 0.048964 0.997858 -0.000000 0.000000 0.000000 0.000000 1.000000
0.998875 0.021343 0.042349 -0.005300 -0.019194 0.998539 -0.050511 11.063000 -0.043365 0.049641 0.997825 0.000000 0.000000 0.000000 0.000000 1.000000
0.998891 0.023060 0.041038 -0.005300 -0.021004 0.998536 -0.049854 11.063000 -0.042127 0.048937 0.997913 0.000000 0.000000 0.000000 0.000000 1.000000
0.999009 0.023010 0.038112 -0.005300 -0.021173 0.998626 -0.047934 11.063000 -0.039163 0.047079 0.998123 0.000000 0.000000 0.000000 0.000000 1.000000
0.999206 0.021334 0.033643 -0.005300 -0.019787 0.998761 -0.045660 11.063000 -0.034575 0.044958 0.998390 0.000000 0.000000 0.000000 0.000000 1.000000
0.999419 0.018439 0.028682 -0.005300 -0.017168 0.998886 -0.043950 11.063000 -0.029460 0.043432 0.998622 0.000000 0.000000 0.000000 0.000000 1.000000
0.999582 0.015115 0.024663 -0.005300 -0.014034 0.998957 -0.043449 11.063000 -0.025294 0.043085 0.998751 0.000000 0.000000 0.000000 0.000000 1.000000
0.999710 0.011672 0.021046 -0.005300 -0.010749 0.998999 -0.043423 11.063000 -0.021532 0.043184 0.998835 0.000000 0.000000 0.000000 0.000000 1.000000
0.999810 0.008372 0.017620 -0.005300 -0.007597 0.999020 -0.043595 11.063000 -0.017968 0.043453 0.998894 0.000000 0.000000 0.000000 0.000000 1.000000
0.999877 0.005462 0.014680 -0.005300 -0.004809 0.999012 -0.044183 11.063000 -0.014907 0.044107 0.998916 0.000000 0.000000 0.000000 0.000000 1.000000
0.999927 0.002739 0.011795 -0.005300 -0.002211 0.999005 -0.044539 11.063000 -0.011905 0.044509 0.998938 0.000000 0.000000 0.000000 0.000000 1.000000
0.999959 0.000475 0.009061 -0.005300 -0.000073 0.999020 -0.044267 11.063000 -0.009073 0.044264 0.998979 0.000000 0.000000 0.000000 0.000000 1.000000
0.999978 -0.001613 0.006381 -0.005300 0.001890 0.999040 -0.043757 11.063000 -0.006304 0.043768 0.999022 0.000000 0.000000 0.000000 0.000000 1.000000
0.999987 -0.003535 0.003773 -0.005300 0.003694 0.999065 -0.043086 11.063000 -0.003618 0.043100 0.999064 0.000000 0.000000 0.000000 0.000000 1.000000
0.999986 -0.005015 0.001441 -0.005300 0.005071 0.999106 -0.041972 11.063000 -0.001230 0.041978 0.999118 0.000000 0.000000 0.000000 0.000000 1.000000
0.999981 -0.006241 -0.000100 -0.005300 0.006232 0.999155 -0.040620 11.063000 0.000353 0.040619 0.999175 0.000000 0.000000 0.000000 0.000000 1.000000
0.999976 -0.006887 -0.000215 -0.005300 0.006873 0.999209 -0.039180 11.063000 0.000485 0.039178 0.999232 -0.000000 0.000000 0.000000 0.000000 1.000000
0.999979 -0.006483 0.000972 -0.005300 0.006515 0.999250 -0.038167 11.063000 -0.000723 0.038172 0.999271 0.000000 0.000000 0.000000 0.000000 1.000000
0.999985 -0.004750 0.002857 -0.005300 0.004855 0.999262 -0.038092 11.063000 -0.002674 0.038106 0.999270 0.000000 0.000000 0.000000 0.000000 1.000000
0.999988 -0.001795 0.004493 -0.005300 0.001970 0.999226 -0.039298 11.063000 -0.004419 0.039306 0.999217 0.000000 0.000000 0.000000 0.000000 1.000000
0.999987 0.001160 0.004974 -0.005300 -0.000953 0.999140 -0.041446 11.063000 -0.005018 0.041440 0.999128 -0.000000 0.000000 0.000000 0.000000 1.000000
0.999986 0.002949 0.004394 -0.005300 -0.002754 0.999037 -0.043785 11.063000 -0.004518 0.043772 0.999031 -0.000000 0.000000 0.000000 0.000000 1.000000
0.999986 0.003901 0.003633 -0.005300 -0.003729 0.998935 -0.045984 11.063000 -0.003809 0.045970 0.998936 0.000000 0.000000 0.000000 0.000000 1.000000
0.999982 0.004849 0.003613 -0.005300 -0.004670 0.998830 -0.048125 11.063000 -0.003842 0.048107 0.998835 -0.000000 0.000000 0.000000 0.000000 1.000000
0.999965 0.006716 0.005005 -0.005300 -0.006454 0.998697 -0.050630 11.063000 -0.005338 0.050596 0.998705 0.000000 0.000000 0.000000 0.000000 1.000000
0.999929 0.009226 0.007581 -0.005300 -0.008804 0.998509 -0.053866 11.063000 -0.008067 0.053796 0.998519 0.000000 0.000000 0.000000 0.000000 1.000000
0.999880 0.011082 0.010864 -0.005300 -0.010440 0.998292 -0.057476 11.063000 -0.011483 0.057356 0.998288 0.000000 0.000000 0.000000 0.000000 1.000000
0.999825 0.011782 0.014549 -0.005300 -0.010875 0.998085 -0.060902 11.063000 -0.015239 0.060733 0.998038 0.000000 0.000000 0.000000 0.000000 1.000000
0.999767 0.011305 0.018399 -0.005300 -0.010112 0.997919 -0.063678 11.063000 -0.019081 0.063477 0.997801 0.000000 0.000000 0.000000 0.000000 1.000000
0.999702 0.010042 0.022234 -0.005300 -0.008565 0.997813 -0.065550 11.063000 -0.022843 0.065340 0.997602 0.000000 0.000000 0.000000 0.000000 1.000000
0.999628 0.008575 0.025872 -0.005300 -0.006833 0.997751 -0.066684 11.063000 -0.026385 0.066483 0.997439 -0.000000 0.000000 0.000000 0.000000 1.000000
0.999540 0.007353 0.029426 -0.005300 -0.005356 0.997714 -0.067370 11.063000 -0.029854 0.067181 0.997294 0.000000 0.000000 0.000000 0.000000 1.000000</float_array><technique_common><accessor source="#Spine2-Matrix-animation-output-transform-array" count="43" stride="16"><param type="float4x4"/></accessor></technique_common></source><source id="Spine2-Interpolations"><Name_array id="Spine2-Interpolations-array" count="43">
 LINEAR LINEAR LINEAR LINEAR LINEAR LINEAR LINEAR LINEAR LINEAR LINEAR LINEAR
LINEAR LINEAR LINEAR LINEAR LINEAR LINEAR LINEAR LINEAR LINEAR LINEAR LINEAR LINEAR
LINEAR LINEAR LINEAR LINEAR LINEAR LINEAR LINEAR LINEAR LINEAR LINEAR LINEAR LINEAR
LINEAR LINEAR LINEAR LINEAR LINEAR LINEAR LINEAR LINEAR</Name_array><technique_common><accessor source="#Spine2-Interpolations-array" count="43"><param type="name"/></accessor></technique_common></source><sampler id="Spine2-Matrix-animation-transform"><input semantic="INPUT" source="#Spine2-Matrix-animation-input"/><input semantic="OUTPUT" source="#Spine2-Matrix-animation-output-transform"/><input semantic="INTERPOLATION" source="#Spine2-Interpolations"/></sampler><channel source="#Spine2-Matrix-animation-transform" target="Spine2/matrix"/></animation>
    <animation id="Neck-anim" name="Neck"><source id="Neck-Matrix-animation-input"><float_array id="Neck-Matrix-animation-input-array" count="43">

0.000000 0.033333 0.066667 0.100000 0.133333 0.166667 0.200000 0.233333 0.266667 0.300000 0.333333 0.366667 0.400000 0.433333 0.466667 0.500000
0.533333 0.566667 0.600000 0.633333 0.666667 0.700000 0.733333 0.766667 0.800000 0.833333 0.866667 0.900000 0.933333 0.966667 1.000000 1.033333
1.066667 1.100000 1.133333 1.166667 1.200000 1.233333 1.266667 1.300000 1.333333 1.366667 1.400000</float_array><technique_common><accessor source="#Neck-Matrix-animation-input-array" count="43"><param name="TIME" type="float"/></accessor></technique_common></source><source id="Neck-Matrix-animation-output-transform"><float_array id="Neck-Matrix-animation-output-transform-array" count="688">

0.999009 -0.004244 0.044303 -0.006000 0.001882 0.998580 0.053237 23.723499 -0.044466 -0.053101 0.997599 -1.446200 0.000000 0.000000 0.000000 1.000000
0.998965 -0.006850 0.044964 -0.006000 0.004382 0.998490 0.054760 23.723499 -0.045271 -0.054506 0.997487 -1.446200 0.000000 0.000000 0.000000 1.000000
0.998915 -0.009528 0.045589 -0.006000 0.006955 0.998392 0.056258 23.723499 -0.046051 -0.055880 0.997375 -1.446200 0.000000 0.000000 0.000000 1.000000
0.998856 -0.011998 0.046293 -0.006000 0.009310 0.998282 0.057844 23.723499 -0.046907 -0.057347 0.997252 -1.446200 0.000000 0.000000 0.000000 1.000000
0.998786 -0.013916 0.047263 -0.006000 0.011084 0.998157 0.059660 23.723499 -0.048006 -0.059063 0.997099 -1.446200 0.000000 0.000000 0.000000 1.000000
0.998700 -0.013390 0.049174 -0.006000 0.010305 0.997994 0.062464 23.723499 -0.049912 -0.061876 0.996835 -1.446200 0.000000 0.000000 0.000000 1.000000
0.998648 -0.010840 0.050848 -0.006000 0.007468 0.997790 0.066032 23.723499 -0.051451 -0.065563 0.996521 -1.446200 0.000000 0.000000 0.000000 1.000000
0.998594 -0.007287 0.052498 -0.006000 0.003600 0.997542 0.069982 23.723499 -0.052879 -0.069695 0.996166 -1.446200 0.000000 0.000000 0.000000 1.000000
0.998532 -0.001876 0.054127 -0.006000 -0.002179 0.997199 0.074762 23.723499 -0.054116 -0.074770 0.995731 -1.446200 0.000000 0.000000 0.000000 1.000000
0.998426 0.005507 0.055806 -0.006000 -0.010001 0.996700 0.080560 23.723499 -0.055179 -0.080991 0.995186 -1.446200 0.000000 0.000000 0.000000 1.000000
0.998264 0.013250 0.057390 -0.006000 -0.018148 0.996157 0.085682 23.723499 -0.056034 -0.086575 0.994668 -1.446200 0.000000 0.000000 0.000000 1.000000
0.998080 0.020970 0.058287 -0.006000 -0.026054 0.995792 0.087863 23.723499 -0.056199 -0.089213 0.994426 -1.446200 0.000000 0.000000 0.000000 1.000000
0.997877 0.027002 0.059259 -0.006000 -0.032075 0.995744 0.086395 23.723499 -0.056674 -0.088113 0.994497 -1.446200 0.000000 0.000000 0.000000 1.000000
0.997626 0.031374 0.061306 -0.006000 -0.036365 0.995963 0.082071 23.723499 -0.058484 -0.084105 0.994739 -1.446200 0.000000 0.000000 0.000000 1.000000
0.997285 0.034927 0.064825 -0.006000 -0.039845 0.996296 0.076203 23.723499 -0.061923 -0.078579 0.994983 -1.446200 0.000000 0.000000 0.000000 1.000000
0.996833 0.038799 0.069413 -0.006000 -0.043690 0.996563 0.070386 23.723499 -0.066444 -0.073196 0.995102 -1.446200 0.000000 0.000000 0.000000 1.000000
0.996338 0.043177 0.073801 -0.006000 -0.048029 0.996711 0.065277 23.723499 -0.070740 -0.068583 0.995134 -1.446200 0.000000 0.000000 0.000000 1.000000
0.996106 0.045077 0.075769 -0.006000 -0.049782 0.996871 0.061402 23.723499 -0.072764 -0.064935 0.995233 -1.446200 0.000000 0.000000 0.000000 1.000000
0.995988 0.045968 0.076782 -0.006000 -0.050488 0.997039 0.058000 23.723499 -0.073888 -0.061644 0.995360 -1.446200 0.000000 0.000000 0.000000 1.000000
0.995956 0.045977 0.077182 -0.006000 -0.050304 0.997214 0.055075 23.723499 -0.074435 -0.058735 0.995495 -1.446200 0.000000 0.000000 0.000000 1.000000
0.996140 0.043798 0.076070 -0.006000 -0.047935 0.997420 0.053434 23.723499 -0.073533 -0.056874 0.995670 -1.446200 0.000000 0.000000 0.000000 1.000000
0.996304 0.041953 0.074960 -0.006000 -0.045948 0.997569 0.052398 23.723499 -0.072580 -0.055648 0.995809 -1.446200 0.000000 0.000000 0.000000 1.000000
0.996435 0.040659 0.073914 -0.006000 -0.044693 0.997553 0.053763 23.723499 -0.071547 -0.056875 0.995814 -1.446200 0.000000 0.000000 0.000000 1.000000
0.996554 0.039589 0.072896 -0.006000 -0.043725 0.997470 0.056052 23.723499 -0.070492 -0.059046 0.995763 -1.446200 0.000000 0.000000 0.000000 1.000000
0.996668 0.038644 0.071824 -0.006000 -0.042918 0.997339 0.058939 23.723499 -0.069355 -0.061825 0.995674 -1.446200 0.000000 0.000000 0.000000 1.000000
0.996779 0.038096 0.070565 -0.006000 -0.042579 0.997096 0.063144 23.723499 -0.067954 -0.065945 0.995507 -1.446200 0.000000 0.000000 0.000000 1.000000
0.996895 0.038375 0.068763 -0.006000 -0.042906 0.996918 0.065678 23.723499 -0.066030 -0.068425 0.995469 -1.446200 0.000000 0.000000 0.000000 1.000000
0.997022 0.039526 0.066222 -0.006000 -0.043904 0.996852 0.066014 23.723499 -0.063405 -0.068725 0.995619 -1.446200 0.000000 0.000000 0.000000 1.000000
0.997161 0.040847 0.063264 -0.006000 -0.044977 0.996852 0.065289 23.723499 -0.060398 -0.067949 0.995859 -1.446200 0.000000 0.000000 0.000000 1.000000
0.997313 0.041591 0.060304 -0.006000 -0.045491 0.996859 0.064823 23.723499 -0.057419 -0.067392 0.996073 -1.446200 0.000000 0.000000 0.000000 1.000000
0.997487 0.041123 0.057697 -0.006000 -0.044891 0.996835 0.065608 23.723499 -0.054817 -0.068033 0.996176 -1.446200 0.000000 0.000000 0.000000 1.000000
0.997706 0.039063 0.055281 -0.006000 -0.042754 0.996821 0.067232 23.723499 -0.052479 -0.069441 0.996205 -1.446200 0.000000 0.000000 0.000000 1.000000
0.998013 0.034669 0.052622 -0.006000 -0.038260 0.996893 0.068850 23.723499 -0.050072 -0.070726 0.996238 -1.446200 0.000000 0.000000 0.000000 1.000000
0.998370 0.028099 0.049677 -0.006000 -0.031541 0.997054 0.069920 23.723499 -0.047566 -0.071373 0.996315 -1.446200 0.000000 0.000000 0.000000 1.000000
0.998698 0.020398 0.046764 -0.006000 -0.023644 0.997271 0.069938 23.723499 -0.045210 -0.070953 0.996455 -1.446200 0.000000 0.000000 0.000000 1.000000
0.998921 0.013325 0.044498 -0.006000 -0.016357 0.997517 0.068500 23.723499 -0.043475 -0.069154 0.996658 -1.446200 0.000000 0.000000 0.000000 1.000000
